100 17
100 19
100 20
100 23
100 24
100 31
100 32
100 36
100 37
100 38
100 39
100 40
100 41
100 42
100 43
100 44
100 45
100 46
100 47
100 48
100 49
100 50
100 53
100 58
100 59
100 133
100 134
100 135
100 136
100 137
100 138
100 139
100 140
100 141
100 142
100 143
100 144
100 145
100 146
100 147
100 148
100 149
100 150
100 151
100 152
100 153
100 154
100 155
100 156
100 157
100 158
100 159
100 160
100 161
100 162
100 163
100 164
100 165
100 166
100 167
100 168
100 169
100 170
100 171
100 172
100 173
100 174
100 175
100 176
100 177
100 178
100 179
100 180
100 181
100 182
100 183
100 184
100 185
100 186
100 187
100 188
100 189
100 190
100 191
100 192
100 193
100 194
100 195
100 196
100 197
100 198
100 199
100 200
100 201
100 202
100 203
100 204
100 205
100 206
100 207
100 208
100 209
100 210
100 211
100 212
100 213
100 214
100 215
100 216
100 241
