101 17
101 19
101 23
101 24
101 25
101 31
101 32
101 33
101 36
101 37
101 40
101 41
101 42
101 43
101 44
101 45
101 46
101 47
101 48
101 49
101 50
101 59
101 133
101 134
101 135
101 136
101 137
101 138
101 139
101 140
101 141
101 142
101 143
101 144
101 145
101 146
101 147
101 148
101 149
101 150
101 151
101 152
101 153
101 154
101 155
101 156
101 157
101 158
101 159
101 160
101 161
101 162
101 163
101 164
101 165
101 166
101 167
101 168
101 169
101 170
101 171
101 172
101 173
101 174
101 175
101 176
101 177
101 178
101 179
101 180
101 181
101 182
101 183
101 184
101 185
101 186
101 187
101 188
101 189
101 190
101 191
101 192
101 193
101 194
101 195
101 196
101 197
101 198
101 199
101 200
101 201
101 202
101 203
101 204
101 205
101 206
101 207
101 208
101 209
101 210
101 211
101 212
101 213
101 214
101 215
101 216
