102 19
102 21
102 24
102 25
102 30
102 31
102 32
102 33
102 40
102 41
102 42
102 43
102 44
102 45
102 46
102 47
102 48
102 49
102 50
102 133
102 134
102 135
102 136
102 137
102 138
102 139
102 140
102 141
102 142
102 143
102 144
102 145
102 146
102 147
102 148
102 149
102 150
102 151
102 152
102 153
102 154
102 155
102 156
102 157
102 158
102 159
102 160
102 161
102 162
102 163
102 164
102 165
102 166
102 167
102 168
102 169
102 170
102 171
102 172
102 173
102 174
102 175
102 176
102 177
102 178
102 179
102 180
102 181
102 182
102 183
102 184
102 185
102 186
102 187
102 188
102 189
102 190
102 191
102 192
102 193
102 194
102 195
102 196
102 197
102 198
102 199
102 200
102 201
102 202
102 203
102 204
102 205
102 206
102 207
102 210
102 211
102 212
102 213
102 214
102 215
102 216
