103 18
103 19
103 22
103 23
103 24
103 25
103 26
103 29
103 30
103 31
103 32
103 33
103 40
103 41
103 42
103 43
103 44
103 45
103 46
103 47
103 48
103 49
103 50
103 133
103 134
103 135
103 136
103 137
103 138
103 139
103 140
103 141
103 142
103 143
103 144
103 145
103 146
103 147
103 148
103 149
103 150
103 151
103 152
103 153
103 154
103 155
103 156
103 157
103 158
103 159
103 160
103 161
103 162
103 163
103 164
103 165
103 166
103 167
103 168
103 169
103 170
103 171
103 172
103 173
103 174
103 175
103 176
103 177
103 178
103 179
103 180
103 181
103 182
103 183
103 184
103 185
103 186
103 187
103 188
103 189
103 190
103 191
103 192
103 193
103 194
103 195
103 196
103 197
103 198
103 199
103 200
103 201
103 202
103 203
103 204
103 205
103 206
103 207
103 208
103 210
103 211
103 212
103 213
103 214
103 215
103 216
