105 18
105 19
105 24
105 25
105 26
105 27
105 28
105 30
105 31
105 32
105 33
105 39
105 40
105 41
105 42
105 43
105 44
105 45
105 46
105 47
105 48
105 49
105 50
105 135
105 136
105 137
105 138
105 139
105 140
105 141
105 142
105 143
105 144
105 145
105 146
105 147
105 148
105 149
105 150
105 151
105 152
105 153
105 154
105 155
105 156
105 157
105 158
105 159
105 160
105 161
105 162
105 163
105 164
105 165
105 166
105 167
105 168
105 169
105 170
105 171
105 172
105 173
105 174
105 175
105 176
105 177
105 178
105 179
105 180
105 181
105 182
105 183
105 184
105 185
105 186
105 187
105 188
105 189
105 190
105 191
105 192
105 193
105 194
105 195
105 196
105 197
105 198
105 199
105 200
105 201
105 202
105 203
105 204
105 205
105 206
105 207
105 208
105 209
105 213
105 214
105 215
