106 17
106 18
106 19
106 24
106 25
106 26
106 27
106 28
106 29
106 30
106 31
106 32
106 33
106 34
106 38
106 39
106 40
106 41
106 42
106 43
106 44
106 45
106 46
106 47
106 48
106 49
106 50
106 136
106 137
106 138
106 139
106 140
106 141
106 142
106 143
106 144
106 145
106 147
106 148
106 149
106 150
106 151
106 152
106 153
106 154
106 155
106 156
106 157
106 158
106 159
106 160
106 161
106 162
106 163
106 164
106 165
106 166
106 167
106 168
106 169
106 170
106 171
106 172
106 173
106 174
106 175
106 176
106 177
106 178
106 179
106 180
106 181
106 182
106 183
106 184
106 185
106 186
106 187
106 188
106 189
106 190
106 191
106 192
106 193
106 194
106 195
106 196
106 197
106 198
106 199
106 200
106 201
106 202
106 203
106 204
106 205
106 206
106 207
106 208
106 209
