107 17
107 18
107 24
107 25
107 26
107 27
107 28
107 29
107 30
107 31
107 32
107 34
107 37
107 38
107 39
107 40
107 41
107 42
107 43
107 44
107 45
107 46
107 47
107 48
107 49
107 50
107 54
107 138
107 139
107 140
107 141
107 142
107 143
107 147
107 148
107 149
107 150
107 151
107 152
107 153
107 154
107 155
107 156
107 157
107 158
107 159
107 160
107 161
107 162
107 163
107 164
107 165
107 166
107 167
107 168
107 169
107 170
107 171
107 172
107 173
107 174
107 175
107 176
107 177
107 178
107 179
107 180
107 181
107 182
107 183
107 184
107 185
107 186
107 187
107 188
107 189
107 190
107 191
107 192
107 193
107 194
107 195
107 196
107 197
107 198
107 199
107 200
107 201
107 202
107 203
107 204
107 205
107 206
107 207
107 208
107 209
