110 17
110 18
110 25
110 26
110 27
110 28
110 29
110 44
110 45
110 46
110 47
110 48
110 49
110 52
110 53
110 54
110 144
110 145
110 148
110 149
110 150
110 151
110 152
110 153
110 154
110 155
110 156
110 157
110 158
110 159
110 160
110 161
110 162
110 163
110 164
110 165
110 166
110 167
110 168
110 169
110 170
110 171
110 172
110 173
110 174
110 175
110 176
110 177
110 178
110 179
110 180
110 181
110 182
110 183
110 184
110 185
110 186
110 187
110 188
110 189
110 190
110 191
110 192
110 193
110 194
110 195
110 196
110 197
110 198
110 199
110 200
110 201
110 202
110 203
110 204
110 205
