111 17
111 18
111 26
111 27
111 28
111 29
111 30
111 46
111 47
111 48
111 50
111 51
111 52
111 53
111 54
111 147
111 148
111 149
111 150
111 151
111 152
111 153
111 154
111 155
111 156
111 157
111 158
111 159
111 160
111 161
111 162
111 163
111 164
111 165
111 166
111 167
111 168
111 169
111 170
111 171
111 172
111 173
111 174
111 175
111 176
111 177
111 178
111 179
111 180
111 181
111 182
111 183
111 184
111 185
111 186
111 187
111 188
111 189
111 190
111 191
111 192
111 193
111 194
111 195
111 196
111 197
111 198
111 199
111 200
111 201
111 202
111 203
111 204
