170 45
170 46
170 47
170 48
170 62
170 63
170 64
170 65
170 66
170 67
170 68
170 69
170 70
170 71
170 72
170 79
170 80
170 81
170 82
170 83
170 84
170 85
170 86
170 87
170 88
170 89
170 90
170 91
170 92
170 93
170 94
170 95
170 96
170 97
170 98
170 99
170 100
170 101
170 102
170 103
170 104
170 105
170 106
170 107
170 108
170 109
170 110
170 111
170 112
170 113
170 114
170 115
170 116
170 117
170 118
170 119
170 120
170 121
170 122
170 123
170 124
170 125
170 126
170 127
170 128
170 129
170 130
170 131
170 132
170 133
170 134
