171 45
171 46
171 47
171 48
171 62
171 63
171 64
171 65
171 66
171 67
171 68
171 69
171 70
171 71
171 72
171 79
171 80
171 81
171 82
171 83
171 84
171 85
171 86
171 87
171 88
171 89
171 90
171 91
171 92
171 93
171 94
171 95
171 96
171 97
171 98
171 99
171 100
171 101
171 102
171 103
171 104
171 105
171 106
171 107
171 108
171 109
171 110
171 111
171 112
171 113
171 114
171 115
171 116
171 117
171 118
171 119
171 120
171 121
171 122
171 123
171 124
171 125
171 126
171 127
171 128
171 129
171 130
171 131
171 132
171 133
