172 44
172 45
172 46
172 47
172 62
172 63
172 64
172 65
172 66
172 67
172 68
172 69
172 70
172 71
172 72
172 77
172 78
172 79
172 80
172 81
172 82
172 83
172 84
172 85
172 86
172 87
172 88
172 89
172 90
172 91
172 92
172 93
172 94
172 95
172 96
172 97
172 98
172 99
172 100
172 101
172 102
172 103
172 104
172 105
172 106
172 107
172 108
172 109
172 110
172 111
172 112
172 113
172 114
172 115
172 116
172 117
172 118
172 119
172 120
172 121
172 122
172 123
172 124
172 125
172 126
172 127
172 128
172 129
172 130
172 131
172 132
172 133
