173 44
173 45
173 47
173 62
173 63
173 64
173 65
173 66
173 67
173 68
173 69
173 70
173 71
173 72
173 73
173 76
173 77
173 78
173 79
173 80
173 81
173 82
173 83
173 84
173 85
173 86
173 87
173 88
173 89
173 90
173 91
173 92
173 93
173 94
173 95
173 96
173 97
173 98
173 99
173 100
173 101
173 102
173 103
173 104
173 105
173 106
173 107
173 108
173 109
173 110
173 111
173 112
173 113
173 114
173 115
173 116
173 117
173 118
173 119
173 120
173 121
173 122
173 123
173 124
173 125
173 126
173 127
173 128
173 129
173 130
173 131
173 132
173 133
