174 63
174 64
174 65
174 66
174 67
174 68
174 69
174 70
174 71
174 72
174 73
174 76
174 77
174 78
174 79
174 80
174 81
174 82
174 83
174 84
174 85
174 86
174 87
174 88
174 89
174 90
174 91
174 92
174 93
174 94
174 95
174 96
174 97
174 98
174 99
174 100
174 101
174 102
174 103
174 104
174 105
174 106
174 107
174 108
174 109
174 110
174 111
174 112
174 113
174 114
174 115
174 116
174 117
174 118
174 119
174 120
174 121
174 122
174 123
174 124
174 125
174 126
174 127
174 128
174 129
174 130
174 131
174 132
174 133
