175 40
175 41
175 42
175 43
175 50
175 63
175 64
175 65
175 66
175 67
175 68
175 69
175 70
175 71
175 72
175 73
175 76
175 77
175 78
175 79
175 80
175 81
175 82
175 83
175 84
175 85
175 86
175 87
175 88
175 89
175 90
175 91
175 92
175 93
175 94
175 95
175 96
175 97
175 98
175 99
175 100
175 101
175 102
175 103
175 104
175 105
175 106
175 107
175 108
175 109
175 110
175 111
175 112
175 113
175 114
175 115
175 116
175 117
175 118
175 119
175 120
175 121
175 122
175 123
175 124
175 125
175 126
175 127
175 128
175 129
175 130
175 131
175 132
175 133
