176 41
176 42
176 43
176 44
176 47
176 48
176 49
176 50
176 54
176 63
176 64
176 65
176 66
176 67
176 68
176 69
176 70
176 71
176 72
176 73
176 76
176 77
176 78
176 79
176 80
176 81
176 82
176 83
176 84
176 85
176 86
176 87
176 88
176 89
176 90
176 91
176 92
176 93
176 94
176 95
176 96
176 97
176 98
176 99
176 100
176 101
176 102
176 103
176 104
176 105
176 106
176 107
176 108
176 109
176 110
176 111
176 112
176 113
176 114
176 115
176 116
176 117
176 118
176 119
176 120
176 121
176 122
176 123
176 124
176 125
176 126
176 127
176 128
176 129
176 130
176 131
176 132
176 133
