177 41
177 44
177 45
177 46
177 47
177 48
177 49
177 54
177 63
177 64
177 65
177 66
177 67
177 68
177 69
177 70
177 71
177 72
177 76
177 77
177 78
177 79
177 80
177 81
177 82
177 83
177 84
177 85
177 86
177 87
177 88
177 89
177 90
177 91
177 92
177 93
177 94
177 95
177 96
177 97
177 98
177 99
177 100
177 101
177 102
177 103
177 104
177 105
177 106
177 107
177 108
177 109
177 110
177 111
177 112
177 113
177 114
177 115
177 116
177 117
177 118
177 119
177 120
177 121
177 122
177 123
177 124
177 125
177 126
177 127
177 128
177 129
177 130
177 131
177 132
177 133
