178 45
178 46
178 47
178 48
178 49
178 54
178 55
178 63
178 64
178 65
178 66
178 67
178 68
178 69
178 70
178 71
178 72
178 76
178 77
178 78
178 79
178 80
178 81
178 82
178 83
178 84
178 85
178 86
178 87
178 88
178 89
178 90
178 91
178 92
178 93
178 94
178 95
178 96
178 97
178 98
178 99
178 100
178 101
178 102
178 103
178 104
178 105
178 106
178 107
178 108
178 109
178 110
178 111
178 112
178 113
178 114
178 115
178 116
178 117
178 118
178 119
178 120
178 121
178 122
178 123
178 124
178 125
178 126
178 127
178 128
178 129
178 130
178 131
178 132
178 133
