179 46
179 47
179 48
179 49
179 53
179 54
179 55
179 56
179 61
179 62
179 63
179 64
179 65
179 66
179 67
179 68
179 69
179 70
179 71
179 76
179 77
179 78
179 79
179 80
179 81
179 82
179 83
179 84
179 85
179 86
179 87
179 88
179 89
179 90
179 91
179 92
179 93
179 94
179 95
179 96
179 97
179 98
179 99
179 100
179 101
179 102
179 103
179 104
179 105
179 106
179 107
179 108
179 109
179 110
179 111
179 112
179 113
179 114
179 115
179 116
179 117
179 118
179 119
179 120
179 121
179 122
179 123
179 124
179 125
179 126
179 127
179 128
179 129
179 130
179 131
179 132
179 133
