180 47
180 48
180 49
180 53
180 54
180 55
180 56
180 57
180 58
180 59
180 60
180 61
180 62
180 63
180 64
180 65
180 66
180 67
180 75
180 76
180 77
180 78
180 79
180 80
180 81
180 82
180 83
180 84
180 85
180 86
180 87
180 88
180 89
180 90
180 91
180 92
180 93
180 94
180 95
180 96
180 97
180 98
180 99
180 100
180 101
180 102
180 103
180 104
180 105
180 106
180 107
180 108
180 109
180 110
180 111
180 112
180 113
180 114
180 115
180 116
180 117
180 118
180 119
180 120
180 121
180 122
180 123
180 124
180 125
180 126
180 127
180 128
180 129
180 130
180 131
180 132
180 133
