181 48
181 52
181 53
181 54
181 55
181 56
181 57
181 58
181 59
181 60
181 61
181 62
181 63
181 64
181 65
181 66
181 75
181 76
181 77
181 78
181 79
181 80
181 81
181 82
181 83
181 84
181 85
181 86
181 87
181 88
181 89
181 90
181 91
181 92
181 93
181 94
181 95
181 96
181 97
181 98
181 99
181 100
181 101
181 102
181 103
181 104
181 105
181 106
181 107
181 108
181 109
181 110
181 111
181 112
181 113
181 114
181 115
181 116
181 117
181 118
181 119
181 120
181 121
181 122
181 123
181 124
181 125
181 126
181 127
181 128
181 129
181 130
181 131
181 132
