182 52
182 53
182 54
182 55
182 56
182 57
182 58
182 59
182 60
182 61
182 62
182 63
182 64
182 65
182 74
182 75
182 76
182 77
182 78
182 79
182 80
182 81
182 82
182 83
182 84
182 85
182 86
182 87
182 88
182 89
182 90
182 91
182 92
182 93
182 94
182 95
182 96
182 97
182 98
182 99
182 100
182 101
182 102
182 103
182 104
182 105
182 106
182 107
182 108
182 109
182 110
182 111
182 112
182 113
182 114
182 115
182 116
182 117
182 118
182 119
182 120
182 121
182 122
182 123
182 124
182 125
182 126
182 127
182 128
182 129
182 130
182 131
182 132
