183 51
183 52
183 53
183 54
183 55
183 56
183 57
183 58
183 59
183 60
183 61
183 62
183 63
183 64
183 74
183 75
183 76
183 77
183 78
183 79
183 80
183 81
183 82
183 83
183 84
183 85
183 86
183 87
183 88
183 89
183 90
183 91
183 92
183 93
183 94
183 95
183 96
183 97
183 98
183 99
183 100
183 101
183 102
183 103
183 104
183 105
183 106
183 107
183 108
183 109
183 110
183 111
183 112
183 113
183 114
183 115
183 116
183 117
183 118
183 119
183 120
183 121
183 122
183 123
183 124
183 125
183 126
183 127
183 128
183 129
183 130
183 131
