184 50
184 51
184 52
184 53
184 54
184 55
184 56
184 57
184 58
184 59
184 60
184 61
184 62
184 63
184 64
184 74
184 75
184 76
184 77
184 78
184 79
184 80
184 81
184 82
184 83
184 84
184 85
184 86
184 87
184 88
184 89
184 90
184 91
184 92
184 93
184 94
184 95
184 96
184 97
184 98
184 99
184 100
184 101
184 102
184 103
184 104
184 105
184 106
184 107
184 108
184 109
184 110
184 111
184 112
184 113
184 114
184 115
184 116
184 117
184 118
184 119
184 120
184 121
184 122
184 123
184 124
184 125
184 126
184 127
184 128
184 129
184 130
184 131
