185 50
185 51
185 52
185 53
185 54
185 55
185 56
185 57
185 58
185 59
185 60
185 61
185 62
185 73
185 74
185 75
185 76
185 77
185 78
185 79
185 80
185 81
185 82
185 83
185 84
185 85
185 86
185 87
185 88
185 89
185 90
185 91
185 92
185 93
185 94
185 95
185 96
185 97
185 98
185 99
185 100
185 101
185 102
185 103
185 104
185 105
185 106
185 107
185 108
185 109
185 110
185 111
185 112
185 113
185 114
185 115
185 116
185 117
185 118
185 119
185 120
185 121
185 122
185 123
185 124
185 125
185 126
185 127
185 128
185 129
185 130
185 131
