186 35
186 36
186 37
186 49
186 50
186 51
186 52
186 53
186 54
186 55
186 56
186 57
186 58
186 59
186 60
186 61
186 73
186 74
186 75
186 76
186 77
186 78
186 79
186 80
186 81
186 82
186 83
186 84
186 85
186 86
186 87
186 88
186 89
186 90
186 91
186 92
186 93
186 94
186 95
186 96
186 97
186 98
186 99
186 100
186 101
186 102
186 103
186 104
186 105
186 106
186 107
186 108
186 109
186 110
186 111
186 112
186 113
186 114
186 115
186 116
186 117
186 118
186 119
186 120
186 121
186 122
186 123
186 124
186 125
186 126
186 127
186 128
186 129
186 130
186 131
