188 34
188 35
188 36
188 37
188 38
188 39
188 40
188 47
188 48
188 49
188 50
188 51
188 52
188 53
188 54
188 55
188 56
188 57
188 58
188 59
188 60
188 61
188 73
188 74
188 75
188 76
188 77
188 78
188 79
188 80
188 81
188 82
188 83
188 84
188 85
188 86
188 87
188 88
188 89
188 90
188 91
188 92
188 93
188 94
188 95
188 96
188 97
188 98
188 99
188 100
188 101
188 102
188 103
188 104
188 105
188 106
188 107
188 108
188 109
188 110
188 111
188 112
188 113
188 114
188 115
188 116
188 117
188 118
188 119
188 120
188 121
188 122
188 123
188 124
188 125
188 126
188 127
188 128
188 129
188 130
188 131
188 132
188 133
