189 34
189 35
189 36
189 37
189 38
189 39
189 40
189 47
189 48
189 49
189 50
189 51
189 52
189 53
189 54
189 55
189 56
189 57
189 58
189 59
189 60
189 61
189 73
189 74
189 75
189 76
189 77
189 78
189 79
189 80
189 81
189 82
189 83
189 84
189 85
189 86
189 87
189 88
189 89
189 90
189 91
189 92
189 93
189 94
189 95
189 96
189 97
189 98
189 99
189 100
189 101
189 102
189 103
189 104
189 105
189 106
189 107
189 108
189 109
189 110
189 111
189 112
189 113
189 114
189 115
189 116
189 117
189 118
189 119
189 120
189 121
189 122
189 123
189 124
189 125
189 126
189 127
189 128
189 129
189 130
189 131
189 132
189 133
189 134
