190 34
190 35
190 36
190 37
190 38
190 39
190 42
190 43
190 47
190 48
190 49
190 50
190 51
190 52
190 53
190 54
190 55
190 56
190 57
190 58
190 59
190 60
190 73
190 74
190 75
190 76
190 77
190 78
190 79
190 80
190 81
190 82
190 83
190 84
190 85
190 86
190 87
190 88
190 89
190 90
190 91
190 92
190 93
190 94
190 95
190 96
190 97
190 98
190 99
190 100
190 101
190 102
190 103
190 104
190 105
190 106
190 107
190 108
190 109
190 110
190 111
190 112
190 113
190 114
190 115
190 116
190 117
190 118
190 119
190 120
190 121
190 122
190 123
190 124
190 125
190 126
190 127
190 128
190 129
190 130
190 131
190 132
190 133
190 134
