191 33
191 34
191 35
191 36
191 37
191 38
191 42
191 43
191 44
191 45
191 46
191 47
191 48
191 49
191 50
191 51
191 52
191 53
191 54
191 55
191 56
191 57
191 58
191 59
191 60
191 73
191 74
191 75
191 76
191 77
191 78
191 79
191 80
191 81
191 82
191 83
191 84
191 85
191 86
191 87
191 88
191 89
191 90
191 91
191 92
191 93
191 94
191 95
191 96
191 97
191 98
191 99
191 100
191 101
191 102
191 103
191 104
191 105
191 106
191 107
191 108
191 109
191 110
191 111
191 112
191 113
191 114
191 115
191 116
191 117
191 118
191 119
191 120
191 121
191 122
191 123
191 124
191 125
191 126
191 127
191 128
191 129
191 130
191 131
191 132
191 133
191 134
