192 32
192 33
192 34
192 35
192 36
192 37
192 38
192 45
192 46
192 47
192 48
192 49
192 50
192 51
192 52
192 53
192 54
192 55
192 56
192 57
192 58
192 59
192 60
192 66
192 67
192 68
192 73
192 74
192 75
192 76
192 77
192 78
192 79
192 80
192 81
192 82
192 83
192 84
192 85
192 86
192 87
192 88
192 89
192 90
192 91
192 92
192 93
192 94
192 95
192 96
192 97
192 98
192 99
192 100
192 101
192 102
192 103
192 104
192 105
192 106
192 107
192 108
192 109
192 110
192 111
192 112
192 113
192 114
192 115
192 116
192 117
192 118
192 119
192 120
192 121
192 122
192 123
192 124
192 125
192 126
192 127
192 128
192 129
192 130
192 131
192 132
192 133
192 134
