193 32
193 33
193 34
193 35
193 36
193 37
193 38
193 39
193 46
193 47
193 48
193 49
193 50
193 51
193 52
193 53
193 54
193 55
193 56
193 57
193 58
193 59
193 60
193 73
193 74
193 75
193 76
193 77
193 78
193 79
193 80
193 81
193 82
193 83
193 84
193 85
193 86
193 87
193 88
193 89
193 90
193 91
193 92
193 93
193 94
193 95
193 96
193 97
193 98
193 99
193 100
193 101
193 102
193 103
193 104
193 105
193 106
193 107
193 108
193 109
193 110
193 111
193 112
193 113
193 114
193 115
193 116
193 117
193 118
193 119
193 120
193 121
193 122
193 123
193 124
193 125
193 126
193 127
193 128
193 129
193 130
193 131
193 132
193 133
193 134
