194 31
194 32
194 33
194 34
194 35
194 36
194 37
194 38
194 39
194 40
194 46
194 47
194 48
194 49
194 50
194 51
194 52
194 53
194 54
194 55
194 56
194 57
194 58
194 59
194 60
194 61
194 75
194 76
194 79
194 80
194 81
194 82
194 83
194 84
194 85
194 86
194 87
194 88
194 89
194 90
194 91
194 92
194 93
194 94
194 95
194 96
194 97
194 98
194 99
194 100
194 101
194 102
194 103
194 104
194 105
194 106
194 107
194 108
194 109
194 110
194 111
194 112
194 113
194 114
194 115
194 116
194 117
194 118
194 119
194 120
194 121
194 122
194 123
194 124
194 125
194 126
194 127
194 128
194 129
194 130
194 131
194 132
194 133
194 134
194 135
194 141
194 144
194 145
194 146
194 147
194 148
