195 30
195 31
195 32
195 33
195 34
195 35
195 36
195 37
195 38
195 39
195 40
195 41
195 42
195 46
195 47
195 48
195 49
195 50
195 51
195 52
195 53
195 54
195 55
195 56
195 57
195 58
195 59
195 60
195 61
195 62
195 63
195 80
195 81
195 82
195 83
195 84
195 85
195 86
195 87
195 88
195 89
195 90
195 91
195 92
195 93
195 94
195 95
195 96
195 97
195 98
195 99
195 100
195 101
195 102
195 103
195 104
195 105
195 106
195 107
195 108
195 109
195 110
195 111
195 112
195 113
195 114
195 115
195 116
195 117
195 118
195 119
195 120
195 121
195 122
195 123
195 124
195 125
195 126
195 127
195 128
195 129
195 130
195 131
195 132
195 133
195 134
195 135
195 136
195 137
195 138
195 139
195 140
195 141
195 142
195 143
195 144
195 145
195 146
195 147
195 148
195 149
