196 29
196 30
196 31
196 32
196 33
196 34
196 35
196 36
196 37
196 38
196 39
196 40
196 41
196 42
196 43
196 46
196 47
196 48
196 49
196 50
196 51
196 52
196 53
196 54
196 55
196 56
196 57
196 58
196 59
196 61
196 62
196 63
196 64
196 80
196 81
196 82
196 83
196 84
196 85
196 86
196 87
196 88
196 89
196 90
196 91
196 92
196 93
196 94
196 95
196 96
196 97
196 98
196 99
196 100
196 101
196 102
196 103
196 104
196 105
196 106
196 107
196 108
196 109
196 110
196 111
196 112
196 113
196 114
196 115
196 116
196 117
196 118
196 119
196 120
196 121
196 122
196 123
196 124
196 125
196 126
196 127
196 128
196 129
196 130
196 131
196 132
196 133
196 134
196 135
196 136
196 137
196 138
196 139
196 140
196 141
196 142
196 143
196 144
196 145
196 146
196 147
196 148
196 149
196 150
196 151
