197 29
197 30
197 31
197 32
197 33
197 34
197 35
197 36
197 37
197 38
197 39
197 40
197 41
197 42
197 46
197 47
197 48
197 49
197 50
197 51
197 52
197 53
197 54
197 55
197 56
197 57
197 62
197 63
197 64
197 81
197 82
197 83
197 84
197 85
197 86
197 87
197 88
197 89
197 90
197 91
197 92
197 93
197 94
197 95
197 96
197 97
197 98
197 99
197 100
197 101
197 102
197 103
197 104
197 105
197 106
197 107
197 108
197 109
197 110
197 111
197 112
197 113
197 114
197 115
197 116
197 117
197 118
197 119
197 120
197 121
197 122
197 123
197 124
197 125
197 126
197 127
197 128
197 129
197 130
197 131
197 132
197 133
197 134
197 135
197 136
197 137
197 138
197 139
197 140
197 141
197 142
197 143
197 144
197 145
197 146
197 147
197 148
197 149
197 150
197 151
197 152
197 178
