198 28
198 29
198 30
198 31
198 32
198 33
198 34
198 35
198 36
198 37
198 38
198 39
198 40
198 41
198 42
198 46
198 47
198 48
198 49
198 50
198 51
198 52
198 53
198 54
198 55
198 56
198 57
198 58
198 63
198 64
198 65
198 71
198 81
198 82
198 83
198 84
198 85
198 86
198 87
198 88
198 89
198 90
198 91
198 92
198 93
198 94
198 95
198 96
198 97
198 98
198 99
198 100
198 101
198 102
198 103
198 104
198 105
198 106
198 107
198 108
198 109
198 110
198 111
198 112
198 113
198 114
198 115
198 116
198 117
198 118
198 119
198 120
198 121
198 122
198 123
198 124
198 125
198 126
198 127
198 128
198 129
198 130
198 131
198 132
198 133
198 134
198 135
198 136
198 137
198 138
198 139
198 140
198 141
198 142
198 143
198 144
198 145
198 146
198 147
198 148
198 149
198 150
198 151
198 152
198 153
198 154
198 155
198 171
198 172
198 173
198 174
198 175
198 176
198 177
198 178
198 179
198 180
198 181
