199 27
199 28
199 29
199 30
199 31
199 32
199 33
199 34
199 35
199 36
199 37
199 38
199 39
199 40
199 46
199 47
199 48
199 49
199 50
199 51
199 52
199 53
199 54
199 55
199 56
199 57
199 58
199 59
199 64
199 65
199 66
199 71
199 72
199 81
199 82
199 83
199 84
199 85
199 86
199 87
199 88
199 89
199 90
199 91
199 92
199 93
199 94
199 95
199 96
199 97
199 98
199 99
199 100
199 101
199 102
199 103
199 104
199 105
199 106
199 107
199 108
199 109
199 110
199 111
199 112
199 113
199 114
199 115
199 117
199 118
199 119
199 120
199 121
199 122
199 123
199 124
199 125
199 126
199 127
199 128
199 129
199 130
199 131
199 132
199 133
199 134
199 135
199 136
199 137
199 138
199 139
199 140
199 141
199 142
199 143
199 144
199 145
199 146
199 147
199 148
199 149
199 150
199 151
199 152
199 153
199 154
199 155
199 156
199 157
199 158
199 169
199 170
199 171
199 172
199 173
199 174
199 175
199 176
199 177
199 178
199 179
199 180
199 181
199 182
199 183
199 184
199 185
