200 27
200 28
200 29
200 30
200 31
200 32
200 33
200 38
200 46
200 47
200 48
200 49
200 50
200 51
200 52
200 53
200 54
200 55
200 56
200 57
200 58
200 59
200 60
200 65
200 66
200 71
200 72
200 81
200 82
200 83
200 84
200 85
200 86
200 87
200 88
200 89
200 90
200 91
200 92
200 93
200 94
200 95
200 96
200 97
200 98
200 99
200 100
200 101
200 102
200 103
200 104
200 105
200 106
200 107
200 108
200 109
200 110
200 111
200 112
200 113
200 114
200 115
200 119
200 120
200 121
200 122
200 123
200 124
200 125
200 126
200 127
200 128
200 129
200 130
200 131
200 132
200 133
200 134
200 135
200 136
200 137
200 138
200 139
200 140
200 141
200 142
200 143
200 144
200 145
200 146
200 147
200 148
200 149
200 150
200 151
200 152
200 153
200 154
200 155
200 156
200 157
200 158
200 159
200 160
200 161
200 162
200 163
200 164
200 167
200 168
200 169
200 170
200 171
200 172
200 173
200 174
200 175
200 176
200 177
200 178
200 179
200 180
200 181
200 182
200 183
200 184
200 185
200 186
200 187
