202 27
202 28
202 29
202 30
202 31
202 32
202 45
202 46
202 47
202 48
202 49
202 50
202 51
202 52
202 53
202 54
202 55
202 56
202 57
202 58
202 59
202 60
202 61
202 66
202 67
202 68
202 69
202 83
202 84
202 85
202 86
202 87
202 88
202 89
202 90
202 91
202 92
202 93
202 94
202 95
202 96
202 97
202 98
202 99
202 100
202 101
202 102
202 103
202 104
202 105
202 106
202 107
202 108
202 109
202 110
202 111
202 112
202 113
202 114
202 115
202 116
202 117
202 119
202 120
202 121
202 122
202 123
202 124
202 125
202 126
202 127
202 128
202 129
202 130
202 131
202 132
202 133
202 134
202 135
202 136
202 137
202 138
202 139
202 140
202 141
202 142
202 143
202 144
202 145
202 146
202 147
202 148
202 149
202 150
202 151
202 152
202 153
202 154
202 155
202 156
202 157
202 158
202 159
202 160
202 161
202 162
202 163
202 164
202 165
202 166
202 167
202 168
202 169
202 170
202 171
202 172
202 173
202 174
202 175
202 176
202 177
202 178
202 179
202 180
202 181
202 182
202 183
202 184
202 185
202 186
202 187
202 188
202 189
202 190
202 191
202 192
202 193
202 194
202 195
202 196
202 197
202 198
