204 26
204 27
204 28
204 29
204 30
204 35
204 45
204 46
204 47
204 48
204 49
204 50
204 51
204 52
204 53
204 54
204 55
204 56
204 57
204 58
204 59
204 60
204 61
204 62
204 84
204 85
204 86
204 87
204 88
204 89
204 90
204 91
204 92
204 93
204 94
204 95
204 96
204 97
204 98
204 99
204 100
204 101
204 102
204 103
204 104
204 105
204 106
204 107
204 108
204 109
204 110
204 111
204 112
204 113
204 114
204 115
204 116
204 117
204 118
204 119
204 120
204 121
204 122
204 123
204 124
204 125
204 126
204 127
204 128
204 129
204 130
204 131
204 132
204 133
204 134
204 135
204 136
204 137
204 138
204 139
204 140
204 141
204 142
204 143
204 144
204 145
204 146
204 147
204 148
204 149
204 150
204 151
204 152
204 153
204 154
204 155
204 156
204 157
204 158
204 159
204 160
204 161
204 162
204 163
204 164
204 165
204 166
204 167
204 168
204 169
204 170
204 171
204 172
204 173
204 174
204 175
204 176
204 177
204 178
204 179
204 180
204 181
204 182
204 183
204 184
204 185
204 186
204 187
204 188
204 189
204 190
204 191
204 192
204 193
204 194
204 195
204 196
204 197
204 198
204 199
204 200
204 201
204 202
204 203
204 204
