205 26
205 27
205 28
205 29
205 30
205 34
205 35
205 36
205 45
205 46
205 47
205 48
205 49
205 50
205 51
205 52
205 53
205 54
205 55
205 56
205 57
205 58
205 59
205 60
205 61
205 62
205 63
205 84
205 85
205 86
205 87
205 88
205 89
205 90
205 91
205 92
205 93
205 94
205 95
205 96
205 97
205 98
205 99
205 100
205 101
205 102
205 103
205 104
205 105
205 106
205 107
205 108
205 109
205 110
205 111
205 112
205 113
205 114
205 115
205 116
205 117
205 118
205 119
205 120
205 121
205 122
205 123
205 124
205 125
205 126
205 127
205 128
205 129
205 130
205 131
205 132
205 133
205 134
205 135
205 136
205 137
205 138
205 139
205 140
205 141
205 142
205 143
205 144
205 145
205 146
205 147
205 148
205 149
205 150
205 151
205 152
205 153
205 154
205 155
205 156
205 157
205 158
205 159
205 160
205 161
205 162
205 163
205 164
205 165
205 166
205 167
205 168
205 169
205 170
205 171
205 172
205 173
205 174
205 175
205 176
205 177
205 178
205 179
205 180
205 181
205 182
205 183
205 184
205 185
205 186
205 187
205 188
205 189
205 190
205 191
205 192
205 193
205 194
205 195
205 196
205 197
205 198
205 199
205 200
205 201
205 202
205 203
205 204
205 205
205 208
205 209
