206 26
206 27
206 28
206 29
206 30
206 33
206 34
206 35
206 36
206 37
206 41
206 42
206 43
206 44
206 45
206 46
206 47
206 48
206 49
206 50
206 51
206 52
206 53
206 54
206 55
206 56
206 57
206 58
206 59
206 60
206 61
206 62
206 63
206 64
206 65
206 66
206 85
206 86
206 87
206 88
206 89
206 90
206 91
206 92
206 93
206 94
206 95
206 96
206 97
206 98
206 99
206 100
206 101
206 102
206 103
206 104
206 105
206 106
206 107
206 108
206 109
206 110
206 111
206 112
206 113
206 114
206 115
206 116
206 117
206 118
206 119
206 120
206 121
206 122
206 123
206 124
206 125
206 126
206 127
206 128
206 129
206 130
206 131
206 132
206 133
206 134
206 135
206 136
206 137
206 138
206 139
206 140
206 141
206 142
206 143
206 144
206 145
206 146
206 147
206 148
206 149
206 150
206 151
206 152
206 153
206 154
206 155
206 156
206 157
206 158
206 159
206 160
206 161
206 162
206 163
206 164
206 165
206 166
206 167
206 168
206 169
206 170
206 171
206 172
206 173
206 174
206 175
206 176
206 177
206 178
206 179
206 180
206 181
206 182
206 183
206 184
206 185
206 186
206 187
206 188
206 189
206 190
206 191
206 192
206 193
206 194
206 195
206 196
206 197
206 198
206 199
206 200
206 201
206 202
206 203
206 204
206 205
206 206
206 207
206 208
206 209
206 210
