207 26
207 27
207 28
207 29
207 30
207 33
207 34
207 35
207 36
207 42
207 43
207 44
207 45
207 46
207 47
207 48
207 49
207 50
207 51
207 52
207 53
207 54
207 55
207 56
207 57
207 58
207 59
207 60
207 61
207 62
207 63
207 64
207 65
207 66
207 67
207 68
207 85
207 86
207 87
207 88
207 89
207 90
207 91
207 92
207 93
207 94
207 95
207 96
207 97
207 98
207 99
207 100
207 101
207 102
207 103
207 104
207 105
207 106
207 107
207 108
207 109
207 110
207 111
207 112
207 113
207 114
207 115
207 116
207 117
207 118
207 119
207 120
207 121
207 122
207 123
207 124
207 125
207 126
207 127
207 128
207 129
207 130
207 131
207 132
207 133
207 134
207 135
207 136
207 137
207 138
207 139
207 140
207 141
207 142
207 143
207 144
207 145
207 146
207 147
207 148
207 149
207 150
207 151
207 152
207 153
207 154
207 155
207 156
207 157
207 158
207 159
207 160
207 161
207 162
207 163
207 164
207 165
207 166
207 167
207 168
207 169
207 170
207 171
207 172
207 173
207 174
207 175
207 176
207 177
207 178
207 179
207 180
207 181
207 182
207 183
207 184
207 185
207 186
207 187
207 188
207 189
207 190
207 191
207 192
207 193
207 194
207 195
207 196
207 197
207 198
207 199
207 200
207 201
207 202
207 203
207 204
207 205
207 206
207 207
207 208
207 209
207 210
207 211
