209 26
209 27
209 28
209 29
209 30
209 31
209 32
209 33
209 34
209 35
209 36
209 39
209 40
209 41
209 42
209 43
209 44
209 45
209 46
209 47
209 48
209 49
209 50
209 51
209 52
209 53
209 54
209 55
209 56
209 57
209 58
209 59
209 60
209 61
209 62
209 63
209 64
209 65
209 66
209 67
209 68
209 69
209 70
209 71
209 81
209 82
209 83
209 84
209 85
209 86
209 87
209 88
209 89
209 90
209 91
209 92
209 93
209 94
209 95
209 96
209 97
209 98
209 99
209 100
209 101
209 102
209 103
209 104
209 105
209 106
209 107
209 108
209 109
209 110
209 111
209 112
209 113
209 114
209 115
209 116
209 117
209 118
209 119
209 120
209 121
209 122
209 123
209 124
209 125
209 126
209 127
209 128
209 129
209 130
209 131
209 132
209 133
209 134
209 135
209 136
209 137
209 138
209 139
209 140
209 141
209 142
209 143
209 144
209 145
209 146
209 147
209 148
209 149
209 150
209 151
209 152
209 153
209 154
209 155
209 156
209 157
209 158
209 159
209 160
209 161
209 162
209 163
209 164
209 165
209 166
209 167
209 168
209 169
209 170
209 171
209 172
209 173
209 174
209 175
209 176
209 177
209 178
209 179
209 180
209 181
209 182
209 183
209 184
209 185
209 186
209 187
209 188
209 189
209 190
209 191
209 192
209 193
209 194
209 195
209 196
209 197
209 198
209 199
209 200
209 201
209 202
209 203
209 204
209 205
209 206
209 207
209 208
209 209
209 210
