212 27
212 28
212 29
212 30
212 31
212 32
212 33
212 34
212 35
212 36
212 39
212 40
212 41
212 42
212 43
212 44
212 45
212 46
212 47
212 48
212 49
212 50
212 51
212 52
212 53
212 54
212 55
212 56
212 57
212 58
212 59
212 60
212 61
212 62
212 63
212 64
212 65
212 82
212 83
212 84
212 85
212 86
212 87
212 88
212 89
212 90
212 91
212 92
212 93
212 94
212 95
212 96
212 97
212 98
212 99
212 100
212 101
212 102
212 103
212 104
212 105
212 106
212 107
212 108
212 109
212 110
212 111
212 112
212 113
212 114
212 115
212 116
212 117
212 118
212 119
212 120
212 121
212 122
212 123
212 124
212 125
212 126
212 127
212 128
212 129
212 130
212 131
212 132
212 133
212 134
212 135
212 136
212 137
212 138
212 139
212 140
212 141
212 142
212 143
212 144
212 145
212 146
212 147
212 148
212 149
212 150
212 151
212 152
212 153
212 154
212 155
212 156
212 157
212 158
212 159
212 160
212 161
212 162
212 163
212 164
212 165
212 166
212 167
212 168
212 169
212 170
212 171
212 172
212 173
212 174
212 175
212 176
212 177
212 178
212 179
212 180
212 181
212 182
212 183
212 184
212 185
212 186
212 187
212 188
212 189
212 190
212 191
212 192
212 193
212 194
212 195
212 196
212 197
212 198
212 199
212 200
212 201
212 202
212 203
212 204
212 205
212 206
212 207
212 208
212 209
212 210
