213 27
213 28
213 29
213 30
213 31
213 32
213 33
213 34
213 35
213 36
213 39
213 40
213 41
213 42
213 43
213 44
213 45
213 46
213 47
213 48
213 49
213 50
213 51
213 52
213 53
213 54
213 55
213 56
213 57
213 58
213 59
213 60
213 61
213 62
213 63
213 64
213 65
213 82
213 83
213 84
213 85
213 86
213 87
213 88
213 89
213 90
213 91
213 92
213 93
213 94
213 95
213 96
213 97
213 98
213 99
213 100
213 101
213 102
213 103
213 104
213 105
213 106
213 107
213 108
213 109
213 110
213 111
213 112
213 113
213 114
213 115
213 116
213 117
213 118
213 119
213 120
213 121
213 122
213 123
213 124
213 125
213 126
213 127
213 128
213 129
213 130
213 131
213 132
213 133
213 134
213 135
213 136
213 137
213 138
213 139
213 140
213 141
213 142
213 143
213 144
213 145
213 146
213 147
213 148
213 149
213 150
213 151
213 152
213 153
213 154
213 155
213 156
213 157
213 158
213 159
213 160
213 161
213 162
213 163
213 164
213 165
213 166
213 167
213 168
213 169
213 170
213 171
213 172
213 173
213 174
213 175
213 176
213 177
213 178
213 179
213 180
213 181
213 182
213 183
213 184
213 185
213 186
213 187
213 188
213 189
213 190
213 191
213 192
213 193
213 194
213 195
213 196
213 197
213 198
213 199
213 200
213 201
213 202
213 203
213 204
213 205
213 206
213 207
213 208
213 209
213 210
