214 27
214 28
214 29
214 30
214 31
214 32
214 33
214 34
214 35
214 36
214 37
214 38
214 39
214 40
214 41
214 42
214 43
214 44
214 45
214 46
214 47
214 48
214 49
214 50
214 51
214 52
214 53
214 54
214 55
214 56
214 57
214 58
214 59
214 60
214 61
214 62
214 63
214 64
214 65
214 82
214 83
214 84
214 85
214 86
214 87
214 88
214 89
214 90
214 91
214 92
214 93
214 94
214 95
214 96
214 97
214 98
214 99
214 100
214 101
214 102
214 103
214 104
214 105
214 106
214 107
214 108
214 109
214 110
214 111
214 112
214 113
214 114
214 115
214 116
214 117
214 118
214 119
214 120
214 121
214 122
214 123
214 124
214 125
214 126
214 127
214 128
214 129
214 130
214 131
214 132
214 133
214 134
214 135
214 136
214 137
214 138
214 139
214 140
214 141
214 142
214 143
214 144
214 145
214 146
214 147
214 148
214 149
214 150
214 151
214 152
214 153
214 154
214 155
214 156
214 157
214 158
214 159
214 160
214 161
214 162
214 163
214 164
214 165
214 166
214 167
214 168
214 169
214 170
214 171
214 172
214 173
214 174
214 175
214 176
214 177
214 178
214 179
214 180
214 181
214 182
214 183
214 184
214 185
214 186
214 187
214 188
214 189
214 190
214 191
214 192
214 193
214 194
214 195
214 196
214 197
214 198
214 199
214 200
214 201
214 202
214 203
214 204
214 205
214 206
214 207
214 208
214 209
214 210
