215 27
215 28
215 30
215 31
215 32
215 33
215 34
215 35
215 36
215 37
215 38
215 39
215 40
215 41
215 42
215 43
215 44
215 45
215 46
215 47
215 48
215 49
215 50
215 51
215 52
215 53
215 54
215 55
215 56
215 57
215 58
215 59
215 60
215 61
215 62
215 63
215 64
215 65
215 66
215 83
215 84
215 85
215 86
215 87
215 88
215 89
215 90
215 91
215 92
215 93
215 94
215 95
215 96
215 97
215 98
215 99
215 100
215 101
215 102
215 103
215 104
215 105
215 106
215 107
215 108
215 109
215 110
215 111
215 112
215 113
215 114
215 115
215 116
215 117
215 118
215 119
215 120
215 121
215 122
215 123
215 124
215 125
215 126
215 127
215 128
215 129
215 130
215 131
215 132
215 133
215 134
215 135
215 136
215 137
215 138
215 139
215 140
215 141
215 142
215 143
215 144
215 145
215 146
215 147
215 148
215 149
215 150
215 151
215 152
215 153
215 154
215 155
215 156
215 157
215 158
215 159
215 160
215 161
215 162
215 163
215 164
215 165
215 166
215 167
215 168
215 169
215 170
215 171
215 172
215 173
215 174
215 175
215 176
215 177
215 178
215 179
215 180
215 181
215 182
215 183
215 184
215 185
215 186
215 187
215 188
215 189
215 190
215 191
215 192
215 193
215 194
215 195
215 196
215 197
215 198
215 199
215 200
215 201
215 202
215 203
215 204
215 205
215 206
215 207
215 208
215 209
