216 27
216 28
216 30
216 31
216 32
216 33
216 34
216 35
216 36
216 37
216 38
216 39
216 40
216 41
216 42
216 43
216 44
216 45
216 46
216 47
216 48
216 49
216 50
216 51
216 52
216 53
216 54
216 55
216 56
216 57
216 58
216 59
216 60
216 61
216 62
216 64
216 65
216 66
216 67
216 68
216 69
216 70
216 83
216 84
216 85
216 86
216 87
216 88
216 89
216 90
216 91
216 92
216 93
216 94
216 95
216 96
216 97
216 98
216 99
216 100
216 101
216 102
216 103
216 104
216 105
216 106
216 107
216 108
216 109
216 110
216 111
216 112
216 113
216 114
216 115
216 116
216 117
216 118
216 119
216 120
216 121
216 122
216 123
216 124
216 125
216 126
216 127
216 128
216 129
216 130
216 131
216 132
216 133
216 134
216 135
216 136
216 137
216 138
216 139
216 140
216 141
216 142
216 143
216 144
216 145
216 146
216 147
216 148
216 149
216 150
216 151
216 152
216 153
216 154
216 155
216 156
216 157
216 158
216 159
216 160
216 161
216 162
216 163
216 164
216 165
216 166
216 167
216 168
216 169
216 170
216 171
216 172
216 173
216 174
216 175
216 176
216 177
216 178
216 179
216 180
216 181
216 182
216 183
216 184
216 185
216 186
216 187
216 188
216 189
216 190
216 191
216 192
216 193
216 194
216 195
216 196
216 197
216 198
216 199
216 200
216 201
216 202
216 203
216 204
216 205
216 206
216 207
216 208
216 209
