217 27
217 28
217 31
217 32
217 33
217 34
217 35
217 36
217 37
217 38
217 39
217 40
217 41
217 42
217 43
217 44
217 45
217 46
217 47
217 48
217 49
217 50
217 51
217 52
217 53
217 54
217 55
217 56
217 57
217 58
217 59
217 65
217 67
217 68
217 69
217 70
217 71
217 83
217 84
217 85
217 86
217 87
217 88
217 89
217 90
217 91
217 92
217 93
217 94
217 95
217 96
217 97
217 98
217 99
217 100
217 101
217 102
217 103
217 104
217 105
217 106
217 107
217 108
217 109
217 110
217 111
217 112
217 113
217 114
217 115
217 116
217 117
217 118
217 119
217 120
217 121
217 122
217 123
217 124
217 125
217 126
217 127
217 128
217 129
217 130
217 131
217 132
217 133
217 134
217 135
217 136
217 137
217 138
217 139
217 140
217 141
217 142
217 143
217 144
217 145
217 146
217 147
217 148
217 149
217 150
217 151
217 152
217 153
217 154
217 155
217 156
217 157
217 158
217 159
217 160
217 161
217 162
217 163
217 164
217 165
217 166
217 167
217 168
217 169
217 170
217 171
217 172
217 173
217 174
217 175
217 176
217 177
217 178
217 179
217 180
217 181
217 182
217 183
217 184
217 185
217 186
217 187
217 188
217 189
217 190
217 191
217 192
217 193
217 194
217 195
217 196
217 197
217 198
217 199
217 200
217 201
217 202
217 203
217 204
217 205
217 206
217 207
217 208
