219 28
219 29
219 33
219 34
219 35
219 36
219 37
219 38
219 39
219 40
219 41
219 42
219 43
219 44
219 45
219 46
219 47
219 48
219 49
219 50
219 51
219 52
219 53
219 54
219 55
219 56
219 66
219 67
219 68
219 69
219 70
219 71
219 72
219 73
219 84
219 85
219 86
219 87
219 88
219 89
219 90
219 91
219 92
219 93
219 94
219 95
219 96
219 97
219 98
219 99
219 100
219 101
219 102
219 103
219 104
219 105
219 106
219 107
219 108
219 109
219 110
219 111
219 112
219 113
219 114
219 115
219 116
219 117
219 118
219 119
219 120
219 121
219 122
219 123
219 124
219 125
219 126
219 127
219 128
219 129
219 130
219 131
219 132
219 133
219 134
219 135
219 136
219 137
219 138
219 139
219 140
219 141
219 142
219 143
219 144
219 145
219 146
219 147
219 148
219 149
219 150
219 151
219 152
219 153
219 154
219 155
219 156
219 157
219 158
219 159
219 160
219 161
219 162
219 163
219 164
219 165
219 166
219 167
219 168
219 169
219 170
219 171
219 172
219 173
219 174
219 175
219 176
219 177
219 178
219 179
219 180
219 181
219 182
219 183
219 184
219 185
219 186
219 187
219 188
219 189
219 190
219 191
219 192
219 193
219 194
219 195
219 196
219 197
219 198
219 199
219 200
219 201
219 202
219 203
219 204
219 205
219 206
