220 28
220 29
220 33
220 34
220 35
220 36
220 37
220 38
220 39
220 40
220 41
220 42
220 43
220 44
220 45
220 46
220 47
220 48
220 49
220 50
220 51
220 52
220 53
220 54
220 55
220 56
220 66
220 67
220 68
220 69
220 70
220 71
220 72
220 73
220 84
220 85
220 86
220 87
220 88
220 89
220 90
220 91
220 92
220 93
220 94
220 95
220 96
220 97
220 98
220 99
220 100
220 101
220 102
220 103
220 104
220 105
220 106
220 107
220 108
220 109
220 110
220 111
220 112
220 113
220 114
220 115
220 116
220 117
220 118
220 119
220 120
220 121
220 122
220 123
220 124
220 125
220 126
220 127
220 128
220 129
220 130
220 131
220 132
220 133
220 134
220 135
220 136
220 137
220 138
220 139
220 140
220 141
220 142
220 143
220 144
220 145
220 146
220 147
220 148
220 149
220 150
220 151
220 152
220 153
220 154
220 155
220 156
220 157
220 158
220 159
220 160
220 161
220 162
220 163
220 164
220 165
220 166
220 167
220 168
220 169
220 170
220 171
220 172
220 173
220 174
220 175
220 176
220 177
220 178
220 179
220 180
220 181
220 182
220 183
220 184
220 185
220 186
220 187
220 188
220 189
220 190
220 191
220 192
220 193
220 194
220 195
220 196
220 197
220 198
220 199
220 200
220 201
220 202
220 203
220 204
