222 28
222 29
222 32
222 33
222 34
222 35
222 36
222 37
222 38
222 39
222 40
222 41
222 42
222 43
222 44
222 45
222 46
222 47
222 48
222 49
222 50
222 51
222 52
222 53
222 54
222 55
222 56
222 57
222 66
222 67
222 68
222 69
222 70
222 71
222 72
222 83
222 84
222 85
222 86
222 87
222 88
222 89
222 90
222 91
222 92
222 93
222 94
222 95
222 96
222 97
222 98
222 99
222 100
222 101
222 102
222 103
222 104
222 105
222 106
222 107
222 108
222 109
222 110
222 111
222 112
222 113
222 114
222 115
222 116
222 117
222 118
222 119
222 120
222 121
222 122
222 123
222 124
222 125
222 126
222 127
222 128
222 129
222 130
222 131
222 132
222 133
222 134
222 135
222 136
222 137
222 138
222 139
222 140
222 141
222 142
222 143
222 144
222 145
222 146
222 147
222 148
222 149
222 150
222 151
222 152
222 153
222 154
222 155
222 156
222 157
222 158
222 159
222 160
222 161
222 162
222 163
222 164
222 165
222 166
222 167
222 168
222 169
222 170
222 171
222 172
222 173
222 174
222 175
222 176
222 177
222 178
222 179
222 180
222 181
222 182
222 183
222 184
222 185
222 186
222 187
222 188
222 189
222 190
222 191
222 192
222 193
222 194
222 195
222 196
222 197
222 198
222 199
222 200
222 201
222 202
