223 29
223 32
223 33
223 34
223 35
223 36
223 37
223 38
223 39
223 40
223 41
223 42
223 43
223 44
223 45
223 46
223 47
223 48
223 49
223 50
223 51
223 52
223 53
223 54
223 55
223 56
223 57
223 58
223 65
223 66
223 67
223 68
223 69
223 70
223 71
223 72
223 73
223 83
223 84
223 85
223 86
223 87
223 88
223 89
223 90
223 91
223 92
223 93
223 94
223 95
223 96
223 97
223 98
223 99
223 100
223 101
223 102
223 103
223 104
223 105
223 106
223 107
223 108
223 109
223 110
223 111
223 112
223 113
223 114
223 115
223 116
223 117
223 118
223 119
223 120
223 121
223 122
223 123
223 124
223 125
223 126
223 127
223 128
223 129
223 130
223 131
223 132
223 133
223 134
223 135
223 136
223 137
223 138
223 139
223 140
223 141
223 142
223 143
223 144
223 145
223 146
223 147
223 148
223 149
223 150
223 151
223 152
223 159
223 160
223 161
223 162
223 163
223 164
223 165
223 166
223 167
223 168
223 169
223 170
223 171
223 172
223 173
223 174
223 175
223 176
223 177
223 178
223 179
223 180
223 181
223 182
223 183
223 184
223 185
223 186
223 187
223 188
223 189
223 190
223 191
223 192
223 193
223 194
223 195
223 196
223 197
223 198
223 199
223 200
