225 30
225 31
225 32
225 33
225 34
225 35
225 36
225 37
225 38
225 39
225 40
225 41
225 42
225 43
225 44
225 45
225 46
225 47
225 48
225 49
225 50
225 51
225 52
225 53
225 54
225 55
225 56
225 65
225 66
225 67
225 68
225 69
225 70
225 71
225 72
225 73
225 83
225 84
225 85
225 88
225 89
225 90
225 91
225 92
225 93
225 94
225 95
225 96
225 97
225 98
225 99
225 100
225 101
225 102
225 103
225 104
225 105
225 106
225 107
225 108
225 109
225 110
225 111
225 112
225 113
225 114
225 115
225 116
225 117
225 118
225 119
225 120
225 121
225 122
225 123
225 124
225 125
225 126
225 127
225 128
225 129
225 130
225 131
225 132
225 133
225 134
225 135
225 136
225 137
225 138
225 139
225 140
225 141
225 142
225 143
225 144
225 145
225 146
225 147
225 148
225 149
225 150
225 151
225 152
225 153
225 154
225 155
225 156
225 157
225 158
225 159
225 162
225 163
225 164
225 165
225 166
225 167
225 168
225 169
225 170
225 171
225 172
225 173
225 174
225 175
225 176
225 177
225 178
225 179
225 180
225 181
225 182
225 183
225 184
225 185
225 186
225 187
225 188
225 189
225 190
225 191
225 192
225 193
225 194
225 195
225 196
225 197
