227 28
227 30
227 31
227 32
227 33
227 34
227 35
227 36
227 37
227 38
227 39
227 40
227 41
227 42
227 43
227 44
227 45
227 46
227 47
227 48
227 49
227 50
227 51
227 52
227 53
227 54
227 55
227 56
227 65
227 66
227 67
227 68
227 69
227 70
227 71
227 72
227 83
227 84
227 85
227 86
227 87
227 88
227 92
227 93
227 94
227 95
227 96
227 97
227 98
227 99
227 100
227 101
227 102
227 103
227 104
227 105
227 106
227 107
227 108
227 109
227 110
227 111
227 112
227 113
227 114
227 115
227 116
227 117
227 118
227 119
227 120
227 121
227 122
227 123
227 124
227 125
227 126
227 127
227 128
227 129
227 130
227 131
227 132
227 133
227 134
227 135
227 136
227 137
227 138
227 139
227 140
227 141
227 142
227 143
227 144
227 150
227 151
227 152
227 153
227 154
227 155
227 156
227 157
227 158
227 159
227 160
227 161
227 162
227 163
227 164
227 165
227 166
227 167
227 168
227 169
227 170
227 171
227 172
227 173
227 174
227 175
227 176
227 177
227 178
227 179
227 180
227 181
227 182
227 183
227 184
227 185
227 186
227 187
227 188
227 189
227 190
227 191
227 192
227 193
