228 29
228 30
228 31
228 32
228 33
228 34
228 35
228 36
228 37
228 38
228 39
228 40
228 41
228 42
228 43
228 44
228 45
228 46
228 47
228 48
228 49
228 50
228 51
228 52
228 53
228 54
228 55
228 59
228 66
228 67
228 68
228 69
228 70
228 71
228 72
228 80
228 81
228 82
228 83
228 84
228 85
228 86
228 94
228 95
228 96
228 97
228 98
228 99
228 100
228 101
228 102
228 103
228 104
228 105
228 106
228 107
228 108
228 109
228 110
228 111
228 112
228 113
228 114
228 115
228 116
228 117
228 118
228 119
228 120
228 121
228 122
228 123
228 124
228 125
228 126
228 127
228 128
228 129
228 130
228 131
228 132
228 133
228 134
228 135
228 136
228 137
228 138
228 139
228 140
228 141
228 142
228 143
228 150
228 151
228 152
228 153
228 154
228 155
228 156
228 157
228 158
228 159
228 160
228 161
228 162
228 163
228 164
228 165
228 166
228 167
228 168
228 169
228 170
228 171
228 172
228 173
228 174
228 175
228 176
228 177
228 178
228 179
228 180
228 181
228 182
228 183
228 184
228 185
228 186
228 187
228 188
228 189
228 190
228 191
228 192
228 193
