229 30
229 31
229 32
229 33
229 34
229 35
229 36
229 37
229 38
229 39
229 40
229 41
229 42
229 43
229 44
229 45
229 46
229 47
229 48
229 49
229 50
229 51
229 52
229 53
229 54
229 55
229 57
229 58
229 59
229 66
229 67
229 68
229 69
229 70
229 71
229 72
229 73
229 74
229 75
229 76
229 77
229 78
229 79
229 80
229 81
229 82
229 83
229 84
229 85
229 86
229 87
229 88
229 96
229 97
229 98
229 99
229 100
229 101
229 102
229 103
229 104
229 105
229 106
229 107
229 108
229 109
229 110
229 111
229 112
229 113
229 114
229 115
229 116
229 117
229 118
229 119
229 120
229 121
229 122
229 123
229 124
229 125
229 126
229 127
229 128
229 129
229 130
229 131
229 132
229 133
229 134
229 135
229 136
229 137
229 138
229 139
229 140
229 141
229 142
229 143
229 150
229 151
229 152
229 153
229 154
229 155
229 156
229 157
229 158
229 159
229 160
229 161
229 162
229 163
229 164
229 165
229 166
229 167
229 168
229 169
229 170
229 171
229 172
229 173
229 174
229 175
229 176
229 177
229 178
229 179
229 180
229 181
229 182
229 183
229 186
229 187
229 188
229 189
229 190
229 191
