230 30
230 31
230 32
230 33
230 34
230 35
230 36
230 37
230 38
230 39
230 40
230 41
230 42
230 43
230 44
230 45
230 46
230 47
230 48
230 49
230 50
230 51
230 52
230 53
230 54
230 55
230 56
230 57
230 58
230 59
230 60
230 66
230 67
230 68
230 69
230 70
230 71
230 72
230 73
230 74
230 75
230 76
230 77
230 78
230 79
230 80
230 81
230 82
230 83
230 84
230 85
230 86
230 87
230 88
230 89
230 98
230 99
230 100
230 101
230 102
230 103
230 104
230 105
230 106
230 107
230 108
230 109
230 110
230 111
230 112
230 113
230 114
230 115
230 116
230 117
230 118
230 119
230 120
230 121
230 122
230 123
230 124
230 125
230 126
230 127
230 128
230 129
230 130
230 131
230 132
230 133
230 134
230 135
230 136
230 137
230 138
230 139
230 140
230 141
230 142
230 143
230 147
230 148
230 149
230 150
230 151
230 152
230 153
230 154
230 155
230 156
230 157
230 158
230 159
230 160
230 161
230 162
230 163
230 173
230 174
230 175
230 176
230 177
230 178
230 179
230 180
230 181
230 182
