231 29
231 30
231 31
231 32
231 33
231 34
231 35
231 36
231 37
231 38
231 39
231 40
231 41
231 42
231 43
231 44
231 45
231 46
231 47
231 48
231 49
231 50
231 51
231 52
231 53
231 54
231 55
231 56
231 57
231 58
231 59
231 60
231 66
231 67
231 68
231 69
231 70
231 71
231 72
231 73
231 74
231 75
231 76
231 77
231 78
231 79
231 80
231 81
231 82
231 83
231 84
231 85
231 86
231 87
231 88
231 89
231 90
231 91
231 100
231 101
231 102
231 103
231 104
231 105
231 106
231 107
231 108
231 109
231 110
231 111
231 112
231 113
231 114
231 115
231 116
231 117
231 118
231 119
231 120
231 121
231 122
231 123
231 124
231 125
231 126
231 127
231 128
231 129
231 130
231 131
231 132
231 133
231 134
231 135
231 136
231 137
231 138
231 139
231 140
231 141
231 142
231 143
231 144
231 145
231 146
231 147
231 148
231 149
231 150
231 151
231 152
231 153
231 154
231 155
231 156
231 157
231 158
231 159
231 160
231 161
231 162
231 163
231 164
231 165
231 166
231 167
231 168
231 169
231 170
231 171
231 173
231 174
231 175
231 176
231 177
231 178
231 179
231 180
231 181
