232 28
232 29
232 30
232 31
232 32
232 33
232 34
232 35
232 36
232 37
232 38
232 39
232 40
232 41
232 42
232 43
232 44
232 45
232 46
232 47
232 48
232 49
232 50
232 51
232 52
232 53
232 54
232 55
232 56
232 57
232 58
232 59
232 60
232 61
232 66
232 67
232 68
232 69
232 70
232 71
232 72
232 73
232 74
232 75
232 76
232 77
232 78
232 79
232 80
232 81
232 82
232 83
232 84
232 85
232 86
232 87
232 88
232 89
232 90
232 91
232 92
232 93
232 102
232 103
232 104
232 105
232 106
232 107
232 108
232 109
232 110
232 111
232 112
232 113
232 114
232 115
232 116
232 117
232 118
232 119
232 120
232 121
232 122
232 123
232 124
232 125
232 126
232 127
232 128
232 129
232 130
232 131
232 132
232 133
232 134
232 135
232 136
232 137
232 138
232 139
232 140
232 141
232 142
232 143
232 144
232 145
232 146
232 147
232 148
232 149
232 150
232 151
232 152
232 153
232 154
232 155
232 156
232 157
232 158
232 159
232 160
232 161
232 162
232 163
232 164
232 165
232 166
232 167
232 168
232 169
232 170
232 171
232 172
232 173
232 174
232 175
232 176
232 177
232 178
232 179
232 180
