233 23
233 28
233 29
233 30
233 31
233 32
233 33
233 34
233 35
233 36
233 37
233 38
233 39
233 40
233 41
233 42
233 43
233 44
233 45
233 46
233 47
233 48
233 49
233 50
233 51
233 52
233 53
233 54
233 55
233 56
233 57
233 58
233 59
233 60
233 61
233 66
233 67
233 68
233 69
233 70
233 71
233 72
233 73
233 74
233 75
233 76
233 77
233 78
233 79
233 80
233 81
233 82
233 83
233 84
233 85
233 86
233 87
233 88
233 89
233 90
233 91
233 92
233 93
233 94
233 95
233 107
233 108
233 109
233 110
233 111
233 112
233 113
233 114
233 115
233 116
233 117
233 118
233 119
233 120
233 121
233 122
233 123
233 124
233 125
233 126
233 127
233 128
233 129
233 130
233 131
233 132
233 133
233 134
233 135
233 136
233 137
233 138
233 139
233 140
233 141
233 142
233 143
233 144
233 145
233 146
233 147
233 148
233 149
233 150
233 151
233 152
233 153
233 154
233 155
233 156
233 157
233 158
233 159
233 160
233 161
233 162
233 163
233 164
233 165
233 166
233 167
233 168
233 169
233 170
233 171
233 172
233 173
233 174
233 175
233 176
233 177
233 178
233 179
