236 21
236 24
236 28
236 29
236 30
236 31
236 32
236 33
236 34
236 35
236 36
236 37
236 38
236 39
236 40
236 41
236 42
236 43
236 44
236 45
236 46
236 47
236 48
236 49
236 50
236 51
236 52
236 53
236 54
236 55
236 56
236 57
236 58
236 59
236 60
236 61
236 62
236 63
236 64
236 65
236 66
236 67
236 68
236 69
236 70
236 71
236 72
236 73
236 74
236 75
236 76
236 77
236 78
236 79
236 80
236 81
236 82
236 83
236 84
236 85
236 86
236 87
236 88
236 89
236 90
236 91
236 92
236 93
236 94
236 95
236 96
236 97
236 98
236 99
236 100
236 101
236 102
236 111
236 112
236 113
236 114
236 115
236 116
236 117
236 118
236 119
236 120
236 121
236 122
236 123
236 124
236 125
236 126
236 127
236 128
236 129
236 130
236 131
236 132
236 133
236 134
236 135
236 136
236 137
236 138
236 139
236 140
236 141
236 142
236 143
236 144
236 145
236 146
236 147
236 148
236 149
236 150
236 151
236 152
236 153
236 154
236 155
236 156
236 157
236 158
236 159
236 160
236 161
236 162
236 163
236 164
236 165
236 166
236 167
236 168
236 169
236 170
236 171
236 172
236 173
236 174
236 175
236 176
236 177
