237 21
237 28
237 29
237 30
237 31
237 32
237 33
237 34
237 35
237 36
237 37
237 38
237 39
237 40
237 41
237 42
237 43
237 44
237 45
237 46
237 47
237 48
237 49
237 50
237 51
237 52
237 53
237 54
237 55
237 56
237 57
237 58
237 59
237 60
237 61
237 62
237 63
237 64
237 65
237 66
237 67
237 68
237 69
237 70
237 71
237 72
237 73
237 74
237 75
237 76
237 77
237 78
237 79
237 80
237 81
237 82
237 83
237 84
237 85
237 86
237 87
237 88
237 89
237 90
237 91
237 92
237 93
237 94
237 95
237 96
237 97
237 98
237 99
237 100
237 101
237 102
237 103
237 114
237 115
237 116
237 117
237 118
237 119
237 120
237 121
237 122
237 123
237 124
237 125
237 126
237 127
237 128
237 129
237 130
237 131
237 132
237 133
237 134
237 135
237 136
237 137
237 138
237 139
237 140
237 141
237 142
237 143
237 144
237 145
237 146
237 147
237 148
237 149
237 150
237 151
237 152
237 153
237 154
237 155
237 158
237 159
237 160
237 161
237 162
237 163
237 164
237 165
237 166
237 167
237 168
237 169
237 170
237 171
237 172
237 173
237 174
237 175
237 176
