238 20
238 21
238 28
238 29
238 30
238 31
238 32
238 33
238 34
238 35
238 36
238 37
238 38
238 39
238 40
238 41
238 42
238 43
238 44
238 45
238 46
238 47
238 48
238 49
238 50
238 51
238 52
238 53
238 54
238 55
238 56
238 57
238 58
238 59
238 60
238 61
238 62
238 63
238 64
238 65
238 66
238 67
238 68
238 69
238 70
238 71
238 72
238 73
238 74
238 75
238 76
238 77
238 78
238 79
238 80
238 81
238 82
238 83
238 84
238 85
238 86
238 87
238 88
238 89
238 90
238 91
238 92
238 93
238 94
238 95
238 96
238 97
238 98
238 99
238 100
238 101
238 102
238 103
238 104
238 115
238 116
238 117
238 118
238 119
238 120
238 121
238 122
238 123
238 124
238 125
238 126
238 127
238 128
238 129
238 130
238 131
238 132
238 133
238 134
238 135
238 136
238 137
238 138
238 139
238 140
238 141
238 142
238 143
238 144
238 145
238 146
238 147
238 148
238 149
238 150
238 151
238 152
238 165
238 166
238 167
238 168
238 169
238 170
238 171
238 172
238 173
238 174
238 175
