240 20
240 28
240 29
240 30
240 31
240 32
240 33
240 34
240 35
240 36
240 37
240 38
240 39
240 40
240 41
240 42
240 43
240 44
240 45
240 46
240 47
240 48
240 49
240 50
240 51
240 52
240 53
240 54
240 55
240 56
240 57
240 58
240 60
240 61
240 62
240 63
240 64
240 65
240 66
240 67
240 68
240 69
240 70
240 71
240 72
240 73
240 74
240 75
240 76
240 77
240 78
240 79
240 80
240 81
240 82
240 83
240 84
240 85
240 86
240 87
240 88
240 89
240 90
240 91
240 92
240 93
240 94
240 95
240 96
240 97
240 98
240 99
240 100
240 101
240 102
240 103
240 104
240 105
240 106
240 107
240 108
240 116
240 117
240 118
240 119
240 120
240 121
240 122
240 123
240 124
240 125
240 126
240 127
240 128
240 129
240 130
240 131
240 132
240 133
240 134
240 135
240 136
240 137
240 138
240 139
240 140
240 141
240 142
240 143
240 144
240 145
240 146
240 147
