242 27
242 28
242 29
242 30
242 31
242 32
242 33
242 34
242 35
242 36
242 37
242 38
242 39
242 40
242 41
242 42
242 43
242 44
242 45
242 46
242 47
242 48
242 49
242 50
242 51
242 52
242 53
242 54
242 55
242 56
242 64
242 65
242 66
242 67
242 68
242 69
242 70
242 71
242 72
242 73
242 74
242 75
242 76
242 77
242 78
242 79
242 80
242 81
242 82
242 83
242 84
242 85
242 86
242 87
242 88
242 89
242 90
242 91
242 92
242 93
242 94
242 95
242 96
242 97
242 98
242 99
242 100
242 101
242 102
242 103
242 104
242 105
242 106
242 107
242 108
242 109
242 110
242 111
242 112
242 113
242 119
242 120
242 122
242 123
242 124
242 125
242 126
242 127
242 128
242 129
242 130
242 131
242 132
242 133
242 134
242 135
242 136
242 137
242 138
242 139
242 140
242 141
242 142
242 143
242 144
242 183
242 184
242 185
242 186
242 187
242 188
242 189
242 190
242 191
