243 27
243 28
243 29
243 30
243 31
243 32
243 33
243 34
243 35
243 36
243 37
243 38
243 39
243 40
243 41
243 42
243 43
243 44
243 45
243 46
243 47
243 48
243 49
243 50
243 51
243 52
243 53
243 54
243 55
243 65
243 66
243 67
243 68
243 69
243 70
243 71
243 72
243 73
243 74
243 75
243 76
243 77
243 78
243 79
243 80
243 81
243 82
243 83
243 84
243 85
243 86
243 87
243 88
243 89
243 90
243 91
243 92
243 93
243 94
243 95
243 96
243 97
243 98
243 99
243 100
243 101
243 102
243 103
243 104
243 105
243 106
243 107
243 108
243 109
243 110
243 111
243 112
243 113
243 114
243 115
243 116
243 117
243 123
243 124
243 125
243 126
243 127
243 128
243 129
243 130
243 131
243 132
243 133
243 134
243 135
243 136
243 137
243 138
243 139
243 140
243 141
243 142
243 143
243 176
243 177
243 178
243 179
243 180
243 181
243 182
243 183
243 184
243 185
243 186
243 187
243 188
243 189
243 190
243 191
