244 27
244 28
244 29
244 30
244 31
244 32
244 33
244 34
244 35
244 36
244 37
244 38
244 39
244 40
244 41
244 42
244 43
244 44
244 45
244 46
244 47
244 48
244 49
244 50
244 51
244 52
244 53
244 54
244 55
244 66
244 67
244 68
244 69
244 70
244 71
244 72
244 73
244 74
244 75
244 76
244 77
244 78
244 79
244 80
244 81
244 82
244 83
244 84
244 85
244 86
244 87
244 88
244 89
244 90
244 91
244 92
244 93
244 94
244 95
244 96
244 97
244 98
244 99
244 100
244 101
244 102
244 103
244 104
244 105
244 106
244 107
244 108
244 109
244 110
244 111
244 112
244 113
244 114
244 115
244 116
244 117
244 118
244 124
244 125
244 126
244 127
244 128
244 129
244 130
244 131
244 132
244 133
244 134
244 135
244 136
244 137
244 138
244 139
244 140
244 141
244 142
244 175
244 176
244 177
244 178
244 179
244 180
244 181
244 182
244 183
244 184
244 185
244 186
244 187
244 188
244 189
244 190
244 191
