245 27
245 28
245 29
245 30
245 31
245 32
245 33
245 34
245 35
245 36
245 37
245 38
245 39
245 40
245 41
245 42
245 43
245 44
245 45
245 46
245 47
245 48
245 49
245 50
245 51
245 52
245 53
245 54
245 60
245 67
245 68
245 71
245 72
245 73
245 74
245 75
245 76
245 77
245 78
245 79
245 80
245 81
245 82
245 83
245 84
245 85
245 86
245 87
245 88
245 89
245 90
245 91
245 92
245 93
245 94
245 95
245 96
245 97
245 98
245 99
245 100
245 101
245 102
245 103
245 104
245 105
245 106
245 107
245 108
245 109
245 110
245 111
245 112
245 113
245 114
245 115
245 116
245 117
245 124
245 125
245 126
245 127
245 128
245 129
245 130
245 131
245 132
245 133
245 134
245 135
245 136
245 137
245 138
245 139
245 140
245 174
245 175
245 176
245 177
245 178
245 179
245 180
245 181
245 182
245 183
245 184
245 185
245 186
245 187
245 188
245 189
245 190
