246 27
246 28
246 29
246 30
246 31
246 32
246 33
246 34
246 35
246 36
246 37
246 38
246 39
246 40
246 41
246 42
246 43
246 44
246 45
246 46
246 47
246 48
246 49
246 50
246 51
246 52
246 53
246 54
246 59
246 60
246 72
246 73
246 74
246 75
246 76
246 77
246 78
246 79
246 80
246 81
246 82
246 83
246 84
246 85
246 86
246 87
246 88
246 89
246 90
246 91
246 92
246 93
246 94
246 95
246 96
246 97
246 98
246 99
246 100
246 101
246 102
246 103
246 104
246 105
246 106
246 107
246 108
246 109
246 110
246 111
246 112
246 113
246 114
246 115
246 116
246 117
246 123
246 124
246 125
246 126
246 127
246 128
246 129
246 130
246 131
246 132
246 133
246 134
246 135
246 136
246 137
246 138
246 139
246 174
246 175
246 176
246 177
246 178
246 179
246 180
246 181
246 182
246 183
246 184
246 185
246 186
246 187
246 188
246 189
