247 27
247 28
247 29
247 30
247 31
247 32
247 33
247 34
247 35
247 36
247 37
247 38
247 39
247 40
247 41
247 42
247 43
247 44
247 45
247 46
247 47
247 48
247 49
247 50
247 51
247 52
247 53
247 54
247 55
247 59
247 60
247 61
247 72
247 73
247 74
247 75
247 76
247 77
247 78
247 79
247 80
247 81
247 82
247 83
247 84
247 88
247 89
247 90
247 91
247 92
247 93
247 94
247 95
247 96
247 97
247 98
247 99
247 100
247 101
247 102
247 103
247 104
247 105
247 106
247 107
247 108
247 109
247 110
247 111
247 112
247 113
247 114
247 115
247 116
247 123
247 124
247 125
247 126
247 127
247 128
247 129
247 130
247 131
247 132
247 133
247 134
247 135
247 136
247 137
247 138
247 173
247 174
247 175
247 176
247 177
247 178
247 179
247 180
247 181
247 182
247 183
247 184
247 185
247 186
