248 27
248 28
248 29
248 30
248 31
248 32
248 33
248 34
248 35
248 36
248 37
248 38
248 39
248 40
248 41
248 42
248 43
248 44
248 45
248 46
248 47
248 48
248 49
248 50
248 51
248 52
248 53
248 54
248 55
248 56
248 57
248 59
248 60
248 61
248 62
248 73
248 74
248 75
248 76
248 77
248 78
248 79
248 80
248 81
248 82
248 83
248 84
248 90
248 91
248 92
248 93
248 94
248 95
248 96
248 97
248 98
248 99
248 100
248 101
248 102
248 103
248 104
248 105
248 106
248 107
248 108
248 109
248 110
248 111
248 112
248 113
248 114
248 115
248 116
248 123
248 124
248 125
248 126
248 127
248 128
248 129
248 130
248 131
248 132
248 133
248 134
248 135
248 136
248 137
248 171
248 172
248 173
248 174
248 175
248 176
248 177
248 178
248 179
248 180
248 181
248 182
