249 23
249 24
249 25
249 27
249 28
249 29
249 30
249 31
249 32
249 33
249 34
249 35
249 36
249 37
249 38
249 39
249 40
249 41
249 42
249 43
249 44
249 45
249 46
249 47
249 48
249 49
249 50
249 51
249 52
249 53
249 54
249 55
249 56
249 57
249 58
249 59
249 60
249 61
249 62
249 63
249 64
249 74
249 75
249 76
249 77
249 78
249 79
249 80
249 81
249 82
249 83
249 84
249 91
249 92
249 93
249 94
249 95
249 96
249 97
249 98
249 99
249 100
249 101
249 102
249 103
249 104
249 105
249 106
249 107
249 108
249 109
249 110
249 111
249 112
249 113
249 114
249 115
249 122
249 123
249 124
249 125
249 126
249 127
249 128
249 129
249 130
249 131
249 132
249 133
249 134
249 135
249 136
249 170
249 171
249 172
249 173
249 174
249 175
249 176
249 177
249 178
249 179
