250 23
250 24
250 25
250 28
250 29
250 30
250 31
250 32
250 33
250 34
250 35
250 36
250 37
250 38
250 39
250 40
250 41
250 42
250 43
250 44
250 45
250 46
250 47
250 48
250 49
250 50
250 51
250 52
250 53
250 54
250 55
250 56
250 57
250 58
250 59
250 60
250 61
250 62
250 63
250 64
250 73
250 74
250 75
250 76
250 77
250 78
250 79
250 80
250 81
250 82
250 83
250 84
250 85
250 93
250 94
250 95
250 96
250 97
250 98
250 99
250 100
250 101
250 102
250 103
250 104
250 105
250 106
250 107
250 108
250 109
250 110
250 111
250 112
250 113
250 114
250 115
250 122
250 123
250 124
250 125
250 126
250 127
250 128
250 129
250 130
250 131
250 132
250 133
250 168
250 169
250 170
250 171
250 172
250 173
250 174
250 175
250 176
