251 24
251 25
251 26
251 28
251 29
251 30
251 31
251 32
251 33
251 34
251 35
251 36
251 37
251 38
251 39
251 40
251 41
251 42
251 43
251 44
251 45
251 46
251 47
251 48
251 49
251 50
251 51
251 52
251 53
251 54
251 55
251 56
251 57
251 58
251 59
251 60
251 61
251 62
251 63
251 64
251 67
251 68
251 73
251 74
251 75
251 76
251 77
251 78
251 79
251 80
251 81
251 82
251 83
251 84
251 85
251 86
251 94
251 95
251 96
251 97
251 98
251 99
251 100
251 101
251 102
251 103
251 104
251 105
251 106
251 107
251 108
251 109
251 110
251 111
251 112
251 113
251 114
251 122
251 123
251 124
251 125
251 126
251 127
251 128
251 129
251 130
251 131
251 132
251 171
251 172
