252 25
252 26
252 27
252 28
252 29
252 30
252 31
252 32
252 33
252 34
252 35
252 36
252 37
252 38
252 39
252 40
252 41
252 42
252 43
252 44
252 45
252 46
252 47
252 48
252 49
252 50
252 51
252 52
252 53
252 54
252 55
252 56
252 57
252 58
252 59
252 60
252 61
252 62
252 63
252 64
252 65
252 66
252 67
252 68
252 73
252 74
252 75
252 76
252 77
252 78
252 79
252 80
252 81
252 82
252 83
252 84
252 85
252 86
252 87
252 88
252 93
252 94
252 95
252 96
252 97
252 98
252 99
252 100
252 101
252 102
252 103
252 104
252 105
252 106
252 107
252 108
252 109
252 110
252 111
252 112
252 113
252 114
252 122
252 123
252 124
252 125
252 126
252 127
252 128
252 129
