253 25
253 26
253 27
253 28
253 29
253 30
253 31
253 32
253 33
253 34
253 35
253 36
253 37
253 38
253 39
253 40
253 41
253 42
253 43
253 44
253 45
253 46
253 47
253 48
253 49
253 50
253 51
253 52
253 53
253 54
253 55
253 56
253 57
253 58
253 59
253 60
253 61
253 62
253 63
253 64
253 65
253 66
253 67
253 68
253 69
253 70
253 71
253 72
253 73
253 74
253 75
253 76
253 77
253 78
253 79
253 80
253 81
253 82
253 83
253 84
253 85
253 86
253 87
253 88
253 89
253 97
253 98
253 99
253 100
253 101
253 102
253 103
253 104
253 105
253 106
253 107
253 108
253 109
253 110
253 111
253 112
253 113
253 121
253 122
253 123
253 124
253 125
