254 23
254 27
254 28
254 29
254 30
254 31
254 32
254 33
254 34
254 35
254 36
254 37
254 38
254 39
254 40
254 41
254 42
254 43
254 44
254 45
254 46
254 47
254 48
254 49
254 50
254 51
254 52
254 53
254 54
254 55
254 56
254 57
254 58
254 59
254 60
254 61
254 62
254 63
254 64
254 65
254 66
254 67
254 68
254 69
254 70
254 71
254 72
254 73
254 74
254 75
254 76
254 77
254 78
254 79
254 80
254 81
254 82
254 83
254 84
254 85
254 86
254 87
254 88
254 89
254 90
254 97
254 98
254 99
254 100
254 101
254 102
254 103
254 104
254 105
254 106
254 107
254 108
254 109
254 110
254 111
254 112
254 113
