255 24
255 27
255 28
255 29
255 30
255 31
255 32
255 33
255 34
255 35
255 36
255 37
255 38
255 39
255 40
255 41
255 42
255 43
255 44
255 45
255 46
255 47
255 48
255 49
255 50
255 51
255 52
255 53
255 54
255 55
255 56
255 57
255 62
255 63
255 64
255 65
255 66
255 67
255 68
255 69
255 70
255 71
255 72
255 73
255 74
255 75
255 76
255 77
255 78
255 79
255 80
255 81
255 82
255 83
255 84
255 85
255 86
255 87
255 88
255 89
255 90
255 97
255 98
255 99
255 100
255 101
255 102
255 103
255 104
255 105
255 106
255 107
255 108
255 109
255 110
255 111
