256 25
256 28
256 30
256 31
256 32
256 33
256 34
256 35
256 36
256 37
256 38
256 39
256 40
256 41
256 42
256 43
256 44
256 45
256 46
256 47
256 48
256 49
256 50
256 51
256 52
256 53
256 54
256 55
256 56
256 62
256 63
256 64
256 65
256 66
256 67
256 68
256 69
256 70
256 71
256 72
256 73
256 74
256 75
256 76
256 77
256 78
256 79
256 80
256 81
256 82
256 83
256 84
256 85
256 86
256 87
256 88
256 89
256 90
256 96
256 97
256 98
256 99
256 100
256 101
256 102
256 103
256 104
256 105
256 106
256 107
256 108
256 109
256 110
