257 24
257 25
257 26
257 30
257 31
257 32
257 33
257 34
257 35
257 36
257 37
257 38
257 39
257 40
257 41
257 42
257 43
257 44
257 45
257 46
257 47
257 48
257 49
257 50
257 51
257 52
257 53
257 54
257 55
257 56
257 62
257 63
257 64
257 65
257 66
257 67
257 68
257 69
257 70
257 71
257 72
257 73
257 74
257 75
257 76
257 77
257 78
257 79
257 80
257 81
257 82
257 83
257 84
257 85
257 86
257 87
257 88
257 89
257 90
257 95
257 96
257 97
257 98
257 99
257 100
257 101
257 102
257 103
257 104
257 105
257 106
257 107
257 108
257 109
257 110
