258 24
258 25
258 27
258 28
258 29
258 30
258 31
258 32
258 33
258 34
258 35
258 36
258 37
258 38
258 39
258 40
258 41
258 42
258 43
258 44
258 45
258 46
258 47
258 48
258 49
258 50
258 51
258 52
258 53
258 54
258 55
258 56
258 57
258 62
258 63
258 64
258 65
258 66
258 67
258 68
258 69
258 70
258 71
258 72
258 73
258 74
258 75
258 76
258 77
258 78
258 79
258 80
258 81
258 82
258 83
258 84
258 85
258 86
258 87
258 88
258 89
258 94
258 95
258 96
258 97
258 98
258 99
258 100
258 101
258 102
258 103
258 104
258 105
258 106
258 107
258 108
258 109
