259 24
259 25
259 26
259 28
259 29
259 30
259 31
259 32
259 33
259 34
259 35
259 36
259 37
259 38
259 39
259 40
259 41
259 42
259 43
259 44
259 45
259 46
259 47
259 48
259 49
259 50
259 51
259 52
259 53
259 54
259 55
259 56
259 57
259 58
259 59
259 60
259 61
259 62
259 63
259 64
259 65
259 66
259 67
259 68
259 69
259 70
259 71
259 72
259 73
259 74
259 75
259 76
259 77
259 78
259 79
259 80
259 81
259 82
259 83
259 84
259 85
259 86
259 87
259 88
259 89
259 90
259 95
259 96
259 97
259 98
259 99
259 100
259 101
259 102
259 103
259 104
259 105
259 106
259 107
259 108
259 109
