260 24
260 25
260 26
260 27
260 28
260 29
260 30
260 31
260 32
260 33
260 34
260 35
260 36
260 37
260 38
260 39
260 40
260 41
260 42
260 43
260 44
260 45
260 46
260 47
260 48
260 49
260 50
260 51
260 52
260 53
260 54
260 55
260 56
260 57
260 58
260 59
260 60
260 61
260 62
260 63
260 64
260 65
260 66
260 67
260 68
260 69
260 70
260 71
260 72
260 73
260 74
260 75
260 76
260 77
260 78
260 79
260 80
260 81
260 82
260 83
260 84
260 85
260 86
260 87
260 88
260 89
260 90
260 91
260 96
260 97
260 98
260 99
260 100
260 101
260 102
260 103
260 104
260 105
260 106
260 107
260 108
