261 23
261 25
261 26
261 27
261 28
261 29
261 30
261 31
261 32
261 33
261 34
261 35
261 36
261 37
261 38
261 39
261 40
261 41
261 42
261 43
261 44
261 45
261 46
261 47
261 48
261 49
261 50
261 51
261 52
261 53
261 54
261 55
261 56
261 57
261 58
261 59
261 60
261 61
261 62
261 63
261 64
261 65
261 66
261 67
261 68
261 69
261 70
261 71
261 72
261 73
261 74
261 75
261 76
261 77
261 78
261 79
261 80
261 81
261 82
261 83
261 84
261 85
261 86
261 87
261 88
261 89
261 90
261 91
261 92
261 97
261 98
261 99
261 100
261 101
261 102
261 103
261 104
261 105
261 106
