262 23
262 25
262 26
262 27
262 28
262 29
262 30
262 31
262 32
262 33
262 34
262 35
262 36
262 37
262 38
262 39
262 40
262 41
262 42
262 43
262 44
262 45
262 46
262 47
262 48
262 49
262 50
262 51
262 52
262 53
262 54
262 55
262 56
262 57
262 58
262 59
262 60
262 61
262 62
262 63
262 64
262 65
262 66
262 67
262 68
262 69
262 70
262 71
262 72
262 73
262 74
262 75
262 76
262 77
262 78
262 79
262 80
262 81
262 82
262 83
262 84
262 85
262 86
262 87
262 88
262 89
262 90
262 91
262 92
262 98
262 99
262 100
262 101
262 102
262 103
262 104
262 105
