263 22
263 23
263 25
263 26
263 27
263 28
263 29
263 30
263 31
263 32
263 33
263 34
263 35
263 36
263 37
263 38
263 39
263 40
263 41
263 42
263 43
263 44
263 45
263 46
263 47
263 48
263 49
263 50
263 51
263 52
263 53
263 54
263 55
263 56
263 57
263 58
263 59
263 60
263 61
263 62
263 63
263 64
263 65
263 66
263 67
263 68
263 69
263 70
263 71
263 72
263 73
263 74
263 75
263 76
263 77
263 78
263 79
263 80
263 81
263 82
263 83
263 84
263 85
263 86
263 87
263 88
263 89
263 90
263 91
263 92
263 99
263 100
263 101
263 102
