266 21
266 22
266 23
266 24
266 25
266 26
266 27
266 28
266 29
266 30
266 31
266 32
266 33
266 34
266 35
266 36
266 37
266 38
266 39
266 40
266 41
266 42
266 43
266 44
266 45
266 46
266 47
266 48
266 49
266 50
266 51
266 52
266 53
266 54
266 55
266 56
266 57
266 58
266 59
266 60
266 61
266 62
266 63
266 64
266 65
266 66
266 67
266 68
266 69
266 70
266 71
266 72
266 73
266 74
266 75
266 76
266 77
266 78
266 79
266 80
266 81
266 82
266 83
266 84
266 85
266 86
266 87
266 88
266 89
266 90
266 91
266 92
266 93
