267 21
267 22
267 23
267 24
267 25
267 26
267 27
267 28
267 29
267 30
267 31
267 32
267 33
267 34
267 35
267 36
267 37
267 38
267 39
267 40
267 41
267 42
267 43
267 44
267 45
267 46
267 47
267 48
267 49
267 50
267 51
267 52
267 53
267 54
267 55
267 56
267 57
267 58
267 59
267 60
267 61
267 62
267 63
267 64
267 65
267 66
267 67
267 68
267 69
267 70
267 71
267 72
267 73
267 74
267 75
267 76
267 77
267 78
267 79
267 80
267 81
267 82
267 83
267 84
267 85
267 86
267 87
267 88
267 89
267 90
267 91
267 92
267 93
