268 21
268 22
268 23
268 24
268 25
268 26
268 27
268 28
268 29
268 30
268 31
268 32
268 33
268 34
268 35
268 36
268 37
268 38
268 39
268 40
268 41
268 42
268 43
268 44
268 45
268 46
268 47
268 48
268 49
268 50
268 51
268 52
268 53
268 54
268 55
268 56
268 57
268 58
268 59
268 60
268 61
268 62
268 63
268 64
268 65
268 66
268 67
268 68
268 69
268 70
268 71
268 72
268 73
268 74
268 75
268 76
268 77
268 78
268 79
268 80
268 81
268 82
268 83
268 84
268 85
268 86
268 87
268 88
268 89
268 90
268 91
268 92
268 93
