270 21
270 22
270 23
270 24
270 25
270 26
270 27
270 28
270 29
270 30
270 31
270 32
270 33
270 34
270 35
270 36
270 37
270 38
270 39
270 40
270 41
270 42
270 43
270 44
270 45
270 46
270 47
270 48
270 49
270 50
270 51
270 52
270 53
270 54
270 55
270 56
270 57
270 58
270 59
270 60
270 61
270 62
270 63
270 64
270 65
270 66
270 67
270 68
270 69
270 70
270 71
270 72
270 73
270 74
270 75
270 76
270 77
270 78
270 79
270 80
270 81
270 82
270 83
270 84
270 85
270 86
270 87
270 88
270 89
270 90
270 91
270 92
270 93
