271 21
271 22
271 23
271 24
271 25
271 26
271 27
271 28
271 29
271 30
271 31
271 32
271 33
271 34
271 35
271 36
271 37
271 38
271 39
271 40
271 41
271 42
271 43
271 44
271 45
271 46
271 47
271 48
271 49
271 50
271 51
271 52
271 53
271 54
271 55
271 56
271 57
271 58
271 59
271 60
271 61
271 62
271 63
271 64
271 65
271 66
271 67
271 68
271 69
271 70
271 71
271 72
271 73
271 74
271 75
271 76
271 77
271 78
271 79
271 80
271 81
271 82
271 83
271 84
271 85
271 86
271 87
271 88
271 89
271 90
271 91
271 92
271 93
