272 21
272 22
272 23
272 24
272 25
272 26
272 27
272 28
272 29
272 30
272 31
272 32
272 33
272 34
272 35
272 36
272 37
272 38
272 39
272 40
272 41
272 42
272 43
272 44
272 45
272 46
272 47
272 48
272 49
272 50
272 51
272 52
272 53
272 54
272 55
272 56
272 57
272 58
272 59
272 60
272 61
272 62
272 63
272 64
272 65
272 66
272 67
272 68
272 69
272 70
272 71
272 72
272 73
272 74
272 75
272 76
272 77
272 78
272 79
272 80
272 81
272 82
272 83
272 84
272 85
272 86
272 87
272 88
272 89
272 90
272 91
272 92
272 93
