273 21
273 22
273 23
273 24
273 25
273 26
273 27
273 28
273 29
273 30
273 31
273 32
273 33
273 34
273 35
273 36
273 37
273 38
273 39
273 40
273 41
273 42
273 43
273 44
273 45
273 46
273 47
273 48
273 49
273 50
273 51
273 52
273 53
273 54
273 55
273 56
273 57
273 58
273 59
273 60
273 61
273 62
273 63
273 64
273 65
273 66
273 67
273 68
273 69
273 70
273 71
273 72
273 73
273 74
273 75
273 76
273 77
273 78
273 79
273 80
273 81
273 82
273 83
273 84
273 85
273 86
273 87
273 88
273 89
273 90
273 91
273 92
273 93
