274 21
274 22
274 23
274 24
274 25
274 26
274 27
274 28
274 29
274 30
274 31
274 32
274 33
274 34
274 35
274 36
274 37
274 38
274 39
274 40
274 41
274 42
274 43
274 44
274 45
274 46
274 47
274 48
274 49
274 50
274 51
274 52
274 53
274 54
274 55
274 56
274 57
274 58
274 59
274 60
274 61
274 62
274 63
274 64
274 65
274 66
274 67
274 68
274 69
274 70
274 71
274 72
274 73
274 74
274 75
274 76
274 77
274 78
274 79
274 80
274 81
274 82
274 83
274 84
274 85
274 86
274 87
274 88
274 89
274 90
274 91
274 92
274 93
274 94
274 95
