275 20
275 21
275 22
275 23
275 24
275 25
275 26
275 27
275 28
275 29
275 30
275 31
275 32
275 33
275 34
275 35
275 36
275 37
275 38
275 39
275 40
275 41
275 42
275 43
275 44
275 45
275 46
275 47
275 48
275 49
275 50
275 51
275 52
275 53
275 54
275 55
275 56
275 57
275 58
275 59
275 60
275 61
275 62
275 63
275 64
275 65
275 66
275 67
275 68
275 69
275 70
275 71
275 72
275 73
275 74
275 75
275 76
275 77
275 78
275 79
275 80
275 81
275 82
275 83
275 84
275 85
275 86
275 87
275 88
275 89
275 90
275 91
275 92
275 93
275 94
275 95
275 96
