276 20
276 21
276 22
276 23
276 24
276 25
276 26
276 27
276 28
276 29
276 30
276 31
276 32
276 33
276 34
276 35
276 36
276 37
276 38
276 39
276 40
276 41
276 42
276 43
276 44
276 45
276 46
276 47
276 48
276 49
276 50
276 51
276 52
276 53
276 54
276 55
276 56
276 57
276 58
276 59
276 60
276 61
276 62
276 63
276 64
276 65
276 66
276 67
276 68
276 69
276 70
276 71
276 72
276 73
276 74
276 75
276 76
276 77
276 78
276 79
276 80
276 81
276 82
276 83
276 84
276 85
276 86
276 87
276 88
276 89
276 90
276 91
276 92
276 93
276 94
276 95
276 96
