277 20
277 21
277 22
277 23
277 24
277 25
277 26
277 27
277 28
277 29
277 30
277 31
277 32
277 33
277 34
277 35
277 36
277 37
277 38
277 39
277 40
277 41
277 42
277 43
277 44
277 45
277 46
277 47
277 48
277 49
277 50
277 51
277 52
277 53
277 54
277 55
277 56
277 57
277 58
277 59
277 60
277 61
277 62
277 63
277 64
277 65
277 66
277 67
277 68
277 69
277 70
277 71
277 72
277 73
277 74
277 75
277 76
277 77
277 78
277 79
277 80
277 81
277 82
277 83
277 84
277 85
277 86
277 87
277 88
277 89
277 90
277 91
277 92
277 93
277 94
277 95
277 96
277 97
277 98
