278 20
278 21
278 22
278 23
278 24
278 25
278 26
278 27
278 28
278 29
278 30
278 31
278 32
278 33
278 34
278 35
278 36
278 37
278 38
278 39
278 40
278 41
278 42
278 43
278 44
278 45
278 46
278 47
278 48
278 49
278 50
278 51
278 52
278 53
278 54
278 55
278 56
278 57
278 58
278 59
278 60
278 61
278 62
278 63
278 64
278 65
278 66
278 67
278 68
278 69
278 70
278 71
278 72
278 73
278 74
278 75
278 76
278 77
278 78
278 79
278 80
278 81
278 82
278 83
278 84
278 85
278 86
278 87
278 88
278 89
278 90
278 91
278 92
278 93
278 94
278 95
278 96
278 97
278 98
278 99
278 100
278 101
