279 21
279 22
279 23
279 24
279 25
279 26
279 27
279 28
279 29
279 30
279 31
279 32
279 33
279 34
279 35
279 36
279 37
279 38
279 39
279 40
279 41
279 42
279 43
279 44
279 45
279 46
279 47
279 48
279 49
279 50
279 51
279 52
279 53
279 54
279 55
279 56
279 57
279 58
279 59
279 60
279 61
279 62
279 63
279 64
279 65
279 66
279 67
279 68
279 69
279 70
279 71
279 72
279 73
279 74
279 75
279 76
279 77
279 78
279 79
279 80
279 81
279 82
279 83
279 84
279 85
279 86
279 87
279 88
279 89
279 90
279 91
279 92
279 93
279 94
279 95
279 96
279 97
279 98
279 99
279 100
279 101
279 102
