280 21
280 22
280 23
280 24
280 25
280 26
280 27
280 28
280 29
280 30
280 31
280 32
280 33
280 34
280 35
280 36
280 37
280 38
280 39
280 40
280 41
280 42
280 43
280 44
280 45
280 46
280 47
280 48
280 49
280 50
280 51
280 52
280 53
280 54
280 55
280 56
280 57
280 58
280 59
280 60
280 61
280 62
280 63
280 64
280 65
280 66
280 67
280 68
280 69
280 70
280 71
280 72
280 73
280 74
280 75
280 76
280 77
280 78
280 79
280 80
280 81
280 82
280 83
280 84
280 85
280 86
280 87
280 88
280 89
280 90
280 91
280 92
280 93
280 94
280 95
280 96
280 97
280 98
280 99
280 100
280 101
280 102
