281 21
281 22
281 23
281 24
281 25
281 26
281 27
281 28
281 29
281 30
281 31
281 32
281 33
281 34
281 35
281 36
281 37
281 38
281 39
281 40
281 41
281 42
281 43
281 44
281 45
281 46
281 47
281 48
281 49
281 50
281 51
281 52
281 53
281 54
281 55
281 56
281 57
281 58
281 59
281 60
281 61
281 62
281 63
281 64
281 65
281 66
281 67
281 68
281 69
281 70
281 71
281 72
281 73
281 74
281 75
281 76
281 77
281 78
281 79
281 80
281 81
281 82
281 83
281 84
281 85
281 86
281 87
281 88
281 89
281 90
281 91
281 92
281 93
281 94
281 95
281 96
281 97
281 98
281 99
281 100
