282 21
282 22
282 23
282 24
282 25
282 26
282 27
282 28
282 29
282 30
282 31
282 32
282 33
282 34
282 35
282 36
282 37
282 38
282 39
282 40
282 41
282 42
282 43
282 44
282 45
282 46
282 47
282 48
282 49
282 50
282 51
282 52
282 53
282 54
282 55
282 56
282 57
282 58
282 59
282 60
282 61
282 62
282 63
282 64
282 65
282 66
282 67
282 68
282 69
282 70
282 71
282 72
282 73
282 74
282 75
282 76
282 77
282 78
282 79
282 80
282 81
282 82
282 83
282 84
282 85
282 86
282 87
282 88
282 89
282 90
282 91
282 92
282 93
282 94
282 95
282 96
282 97
282 98
282 99
282 100
282 101
