283 21
283 22
283 23
283 24
283 25
283 26
283 27
283 28
283 29
283 30
283 31
283 32
283 33
283 34
283 35
283 36
283 37
283 38
283 39
283 40
283 41
283 42
283 43
283 44
283 45
283 46
283 47
283 48
283 49
283 50
283 51
283 52
283 53
283 54
283 55
283 56
283 57
283 58
283 59
283 60
283 61
283 62
283 63
283 64
283 65
283 66
283 67
283 68
283 69
283 70
283 71
283 72
283 73
283 74
283 75
283 76
283 77
283 78
283 79
283 80
283 81
283 82
283 83
283 84
283 85
283 86
283 87
283 88
283 89
283 90
283 91
283 92
283 93
283 94
283 95
283 96
283 97
283 98
283 99
283 100
283 101
283 102
283 103
283 104
283 105
283 106
283 107
