284 21
284 22
284 23
284 24
284 25
284 26
284 27
284 28
284 29
284 30
284 31
284 32
284 33
284 34
284 35
284 36
284 37
284 38
284 39
284 40
284 41
284 42
284 43
284 44
284 45
284 46
284 47
284 48
284 49
284 50
284 51
284 52
284 53
284 54
284 55
284 56
284 57
284 58
284 59
284 60
284 61
284 62
284 63
284 64
284 65
284 66
284 67
284 68
284 69
284 70
284 71
284 72
284 73
284 74
284 75
284 76
284 77
284 78
284 79
284 80
284 81
284 82
284 83
284 84
284 85
284 86
284 87
284 88
284 89
284 90
284 91
284 92
284 93
284 94
284 95
284 96
284 97
284 98
284 99
284 100
284 101
284 102
284 103
284 104
284 105
284 106
284 107
284 108
284 109
284 110
284 111
