285 21
285 23
285 24
285 25
285 26
285 27
285 28
285 29
285 30
285 31
285 32
285 33
285 34
285 35
285 36
285 37
285 38
285 39
285 40
285 41
285 42
285 43
285 44
285 45
285 46
285 47
285 48
285 49
285 50
285 51
285 52
285 53
285 54
285 55
285 56
285 57
285 58
285 59
285 60
285 61
285 62
285 63
285 64
285 65
285 66
285 67
285 68
285 69
285 70
285 71
285 72
285 73
285 74
285 75
285 76
285 77
285 78
285 79
285 80
285 81
285 82
285 83
285 84
285 85
285 86
285 87
285 88
285 89
285 90
285 91
285 92
285 93
285 94
285 95
285 96
285 97
285 98
285 99
285 100
285 101
285 102
285 103
285 104
285 105
285 106
285 107
285 108
285 109
285 110
285 111
285 112
285 113
