286 23
286 24
286 25
286 26
286 27
286 28
286 29
286 30
286 31
286 32
286 33
286 34
286 35
286 36
286 37
286 38
286 39
286 40
286 41
286 42
286 43
286 44
286 45
286 46
286 47
286 48
286 49
286 50
286 51
286 52
286 53
286 54
286 55
286 56
286 57
286 58
286 59
286 60
286 61
286 62
286 63
286 64
286 65
286 66
286 67
286 68
286 69
286 70
286 71
286 72
286 73
286 74
286 75
286 76
286 77
286 78
286 79
286 80
286 81
286 82
286 83
286 84
286 85
286 86
286 87
286 88
286 89
286 90
286 91
286 92
286 93
286 94
286 95
286 96
286 97
286 98
286 99
286 100
286 101
286 102
286 103
286 104
286 105
286 106
286 107
286 108
286 109
286 110
286 111
286 112
286 113
286 114
286 115
