287 23
287 24
287 25
287 26
287 27
287 28
287 29
287 30
287 31
287 32
287 33
287 34
287 35
287 36
287 37
287 38
287 39
287 40
287 41
287 42
287 43
287 44
287 45
287 46
287 47
287 48
287 49
287 50
287 51
287 52
287 53
287 54
287 55
287 56
287 57
287 58
287 59
287 60
287 61
287 62
287 63
287 64
287 65
287 66
287 67
287 68
287 69
287 70
287 71
287 72
287 73
287 74
287 75
287 76
287 77
287 78
287 79
287 80
287 81
287 82
287 83
287 84
287 85
287 86
287 87
287 88
287 89
287 90
287 91
287 92
287 93
287 94
287 95
287 96
287 97
287 98
287 99
287 100
287 101
287 102
287 103
287 104
287 105
287 106
287 107
287 108
287 109
287 110
287 111
287 112
287 113
287 114
287 115
287 116
287 117
287 118
