288 23
288 24
288 25
288 26
288 27
288 28
288 29
288 30
288 31
288 32
288 33
288 34
288 35
288 36
288 37
288 38
288 39
288 40
288 41
288 42
288 43
288 44
288 45
288 46
288 47
288 48
288 49
288 50
288 51
288 52
288 53
288 54
288 55
288 56
288 57
288 58
288 59
288 60
288 61
288 62
288 63
288 64
288 65
288 66
288 67
288 68
288 69
288 70
288 71
288 72
288 73
288 74
288 75
288 76
288 77
288 78
288 79
288 80
288 81
288 82
288 83
288 84
288 85
288 86
288 87
288 88
288 89
288 90
288 91
288 92
288 93
288 94
288 95
288 96
288 97
288 98
288 99
288 100
288 101
288 102
288 103
288 104
288 105
288 106
288 107
288 108
288 109
288 110
288 111
288 112
288 113
288 114
288 115
288 116
288 117
288 118
288 119
288 120
