289 23
289 24
289 25
289 26
289 27
289 28
289 29
289 30
289 31
289 32
289 33
289 34
289 35
289 36
289 37
289 38
289 39
289 40
289 41
289 42
289 43
289 44
289 45
289 46
289 47
289 48
289 49
289 50
289 51
289 52
289 53
289 54
289 55
289 56
289 57
289 58
289 59
289 60
289 61
289 62
289 63
289 64
289 65
289 66
289 67
289 68
289 69
289 70
289 71
289 72
289 73
289 74
289 75
289 76
289 77
289 78
289 79
289 80
289 81
289 82
289 83
289 84
289 85
289 86
289 87
289 88
289 89
289 90
289 91
289 92
289 93
289 94
289 95
289 96
289 97
289 98
289 99
289 100
289 101
289 102
289 103
289 104
289 105
289 106
289 107
289 108
289 109
289 110
289 111
289 112
289 113
289 114
289 115
289 116
289 117
289 118
289 119
289 120
289 121
289 122
289 123
