290 23
290 24
290 25
290 26
290 27
290 28
290 29
290 30
290 31
290 32
290 33
290 34
290 35
290 36
290 37
290 38
290 39
290 40
290 41
290 42
290 43
290 44
290 45
290 46
290 47
290 48
290 49
290 50
290 51
290 52
290 53
290 54
290 55
290 56
290 57
290 58
290 59
290 60
290 61
290 62
290 63
290 64
290 65
290 66
290 67
290 68
290 69
290 70
290 71
290 72
290 73
290 74
290 75
290 76
290 77
290 78
290 79
290 80
290 81
290 82
290 83
290 84
290 85
290 86
290 87
290 88
290 89
290 90
290 91
290 92
290 93
290 94
290 95
290 96
290 97
290 98
290 99
290 100
290 101
290 102
290 103
290 104
290 105
290 106
290 107
290 108
290 109
290 110
290 111
290 112
290 113
290 114
290 115
290 116
290 117
290 118
290 119
290 120
290 121
290 122
290 123
290 124
290 125
