291 23
291 24
291 25
291 26
291 27
291 28
291 29
291 30
291 31
291 32
291 33
291 34
291 35
291 36
291 37
291 38
291 39
291 40
291 41
291 42
291 43
291 44
291 45
291 46
291 47
291 48
291 49
291 50
291 51
291 52
291 53
291 54
291 55
291 56
291 57
291 58
291 59
291 60
291 61
291 62
291 63
291 64
291 65
291 66
291 67
291 68
291 69
291 70
291 71
291 72
291 73
291 74
291 75
291 76
291 77
291 78
291 79
291 80
291 81
291 82
291 83
291 84
291 85
291 86
291 87
291 88
291 89
291 90
291 91
291 92
291 93
291 94
291 95
291 96
291 97
291 98
291 99
291 100
291 101
291 102
291 103
291 104
291 105
291 106
291 107
291 108
291 109
291 110
291 111
291 112
291 113
291 114
291 115
291 116
291 117
291 118
291 119
291 120
291 121
291 122
291 123
291 124
291 125
291 126
291 127
