292 23
292 24
292 25
292 26
292 27
292 28
292 29
292 30
292 31
292 32
292 33
292 34
292 35
292 36
292 37
292 38
292 39
292 40
292 41
292 42
292 43
292 44
292 45
292 46
292 47
292 48
292 49
292 50
292 51
292 52
292 53
292 54
292 55
292 56
292 57
292 58
292 59
292 60
292 61
292 62
292 63
292 64
292 65
292 66
292 67
292 68
292 69
292 70
292 71
292 72
292 73
292 74
292 75
292 76
292 77
292 78
292 79
292 80
292 81
292 82
292 83
292 84
292 85
292 86
292 87
292 88
292 89
292 90
292 91
292 92
292 93
292 94
292 95
292 96
292 97
292 98
292 99
292 100
292 101
292 102
292 103
292 104
292 105
292 106
292 107
292 108
292 109
292 110
292 111
292 112
292 113
292 114
292 115
292 116
292 117
292 118
292 119
292 120
292 121
292 122
292 123
292 124
292 125
292 126
292 127
