293 23
293 24
293 25
293 26
293 27
293 28
293 29
293 30
293 31
293 32
293 33
293 34
293 35
293 36
293 37
293 38
293 39
293 40
293 41
293 42
293 43
293 44
293 45
293 46
293 47
293 48
293 49
293 50
293 51
293 52
293 53
293 54
293 55
293 56
293 57
293 58
293 59
293 60
293 61
293 62
293 63
293 64
293 65
293 66
293 67
293 68
293 69
293 70
293 71
293 72
293 73
293 74
293 75
293 76
293 77
293 78
293 79
293 80
293 81
293 82
293 83
293 84
293 85
293 86
293 87
293 88
293 89
293 90
293 91
293 92
293 93
293 94
293 95
293 96
293 97
293 98
293 99
293 100
293 101
293 102
293 103
293 104
293 105
293 106
293 107
293 108
293 109
293 110
293 111
293 112
293 113
293 114
293 115
293 116
293 117
293 118
293 119
293 120
293 121
293 122
293 123
293 124
293 125
