294 23
294 24
294 25
294 26
294 27
294 28
294 29
294 30
294 31
294 32
294 33
294 34
294 35
294 36
294 37
294 38
294 39
294 40
294 41
294 42
294 43
294 44
294 45
294 46
294 47
294 48
294 49
294 50
294 51
294 52
294 53
294 54
294 55
294 56
294 57
294 58
294 59
294 60
294 61
294 62
294 63
294 64
294 65
294 66
294 67
294 68
294 69
294 70
294 71
294 72
294 73
294 74
294 75
294 76
294 77
294 78
294 79
294 80
294 81
294 82
294 83
294 84
294 85
294 86
294 87
294 88
294 89
294 90
294 91
294 92
294 93
294 94
294 95
294 96
294 97
294 98
294 99
294 100
294 101
294 102
294 103
294 104
294 105
294 106
294 107
294 108
294 109
294 110
294 111
294 112
294 114
294 115
294 116
294 117
294 118
294 119
294 120
294 122
294 123
