295 23
295 24
295 25
295 26
295 27
295 28
295 29
295 30
295 31
295 32
295 33
295 34
295 35
295 36
295 37
295 38
295 39
295 40
295 41
295 42
295 43
295 44
295 45
295 46
295 47
295 48
295 49
295 50
295 51
295 52
295 53
295 54
295 55
295 56
295 57
295 58
295 59
295 60
295 61
295 62
295 63
295 64
295 65
295 66
295 67
295 68
295 69
295 70
295 71
295 72
295 73
295 74
295 75
295 76
295 77
295 78
295 79
295 80
295 81
295 82
295 83
295 84
295 85
295 86
295 87
295 88
295 89
295 90
295 91
295 92
295 93
295 94
295 95
295 96
295 97
295 98
295 99
295 100
295 101
295 102
295 103
295 104
295 105
295 106
295 107
295 108
295 109
295 110
295 111
295 128
