296 23
296 24
296 25
296 26
296 27
296 28
296 29
296 30
296 31
296 32
296 33
296 34
296 35
296 36
296 37
296 38
296 39
296 40
296 41
296 42
296 43
296 44
296 45
296 46
296 47
296 48
296 49
296 50
296 51
296 52
296 53
296 54
296 55
296 56
296 57
296 58
296 59
296 60
296 61
296 62
296 63
296 64
296 65
296 66
296 67
296 68
296 69
296 70
296 71
296 72
296 73
296 74
296 75
296 76
296 77
296 78
296 79
296 80
296 81
296 82
296 83
296 84
296 85
296 86
296 87
296 88
296 89
296 90
296 91
296 92
296 93
296 94
296 95
296 96
296 97
296 98
296 99
296 100
296 101
296 102
296 103
296 104
296 105
296 106
296 107
296 108
296 109
296 110
296 125
296 126
296 127
296 128
296 129
296 130
