297 23
297 24
297 25
297 26
297 27
297 28
297 29
297 30
297 31
297 32
297 33
297 34
297 35
297 36
297 37
297 38
297 39
297 40
297 41
297 42
297 43
297 44
297 45
297 46
297 47
297 48
297 49
297 50
297 51
297 52
297 53
297 54
297 55
297 56
297 57
297 58
297 59
297 60
297 61
297 62
297 63
297 64
297 65
297 66
297 67
297 68
297 69
297 70
297 71
297 72
297 73
297 74
297 75
297 76
297 77
297 78
297 79
297 80
297 81
297 82
297 83
297 84
297 85
297 86
297 87
297 88
297 89
297 90
297 91
297 92
297 93
297 94
297 95
297 96
297 97
297 98
297 99
297 100
297 101
297 102
297 103
297 104
297 105
297 106
297 107
297 108
297 109
297 110
297 127
297 128
297 129
297 130
