298 24
298 25
298 26
298 27
298 28
298 29
298 30
298 31
298 32
298 33
298 34
298 35
298 36
298 37
298 38
298 39
298 40
298 41
298 42
298 43
298 44
298 45
298 46
298 47
298 48
298 49
298 50
298 51
298 52
298 53
298 54
298 55
298 56
298 57
298 58
298 59
298 60
298 61
298 62
298 63
298 64
298 65
298 66
298 67
298 68
298 69
298 70
298 71
298 72
298 73
298 74
298 75
298 76
298 77
298 78
298 79
298 80
298 81
298 82
298 83
298 84
298 85
298 86
298 87
298 88
298 89
298 90
298 91
298 92
298 93
298 94
298 95
298 96
298 97
298 98
298 99
298 100
298 101
298 102
298 103
298 104
298 105
298 106
298 107
298 108
