299 23
299 24
299 25
299 26
299 27
299 28
299 29
299 30
299 31
299 32
299 33
299 34
299 35
299 36
299 37
299 38
299 39
299 40
299 41
299 42
299 43
299 44
299 45
299 46
299 47
299 48
299 49
299 50
299 51
299 52
299 53
299 54
299 55
299 56
299 57
299 58
299 59
299 60
299 61
299 62
299 63
299 64
299 65
299 66
299 67
299 68
299 69
299 70
299 71
299 72
299 73
299 74
299 75
299 76
299 77
299 78
299 79
299 80
299 81
299 82
299 83
299 84
299 85
299 86
299 87
299 88
299 89
299 90
299 91
299 92
299 93
299 94
299 95
299 96
299 97
299 98
299 99
299 100
299 101
299 102
299 103
299 104
299 105
299 106
299 107
