301 23
301 24
301 25
301 26
301 27
301 28
301 29
301 30
301 31
301 32
301 33
301 34
301 35
301 36
301 37
301 38
301 39
301 40
301 41
301 42
301 43
301 44
301 45
301 46
301 47
301 48
301 49
301 50
301 51
301 52
301 53
301 54
301 55
301 56
301 57
301 58
301 59
301 60
301 61
301 62
301 63
301 64
301 65
301 66
301 67
301 68
301 69
301 70
301 71
301 72
301 73
301 74
301 75
301 76
301 77
301 78
301 79
301 80
301 81
301 82
301 83
301 84
301 85
301 86
301 87
301 88
301 89
301 90
301 91
301 92
301 93
301 94
301 95
301 96
301 97
301 98
301 99
301 100
301 101
301 102
301 103
301 104
