302 22
302 23
302 24
302 25
302 26
302 27
302 28
302 29
302 30
302 31
302 32
302 33
302 34
302 35
302 36
302 37
302 38
302 39
302 40
302 41
302 42
302 43
302 44
302 45
302 46
302 47
302 48
302 49
302 50
302 51
302 52
302 53
302 54
302 55
302 56
302 57
302 58
302 59
302 60
302 61
302 62
302 63
302 64
302 65
302 66
302 67
302 68
302 69
302 70
302 71
302 72
302 73
302 74
302 75
302 76
302 77
302 78
302 79
302 80
302 81
302 82
302 83
302 84
302 85
302 86
302 87
302 88
302 89
302 90
302 91
302 92
302 93
302 94
302 95
302 96
302 97
302 98
302 99
302 100
302 101
302 102
302 103
