303 22
303 23
303 24
303 25
303 26
303 27
303 28
303 29
303 30
303 31
303 32
303 33
303 34
303 35
303 36
303 37
303 38
303 39
303 40
303 41
303 42
303 43
303 44
303 45
303 46
303 47
303 48
303 49
303 50
303 51
303 52
303 53
303 54
303 55
303 56
303 57
303 58
303 59
303 60
303 61
303 62
303 63
303 64
303 65
303 66
303 67
303 68
303 69
303 70
303 71
303 72
303 73
303 74
303 75
303 76
303 77
303 78
303 79
303 80
303 81
303 82
303 83
303 84
303 85
303 86
303 87
303 88
303 89
303 90
303 91
303 92
303 93
303 94
303 95
303 96
303 97
303 98
303 99
303 100
