304 22
304 23
304 24
304 25
304 26
304 27
304 28
304 29
304 30
304 31
304 32
304 33
304 34
304 35
304 36
304 37
304 38
304 39
304 40
304 41
304 42
304 43
304 44
304 45
304 46
304 47
304 48
304 49
304 50
304 51
304 52
304 53
304 54
304 55
304 56
304 57
304 58
304 59
304 60
304 61
304 62
304 63
304 64
304 65
304 66
304 67
304 68
304 69
304 70
304 71
304 72
304 73
304 74
304 75
304 76
304 77
304 78
304 79
304 80
304 81
304 82
304 83
304 84
304 85
304 86
304 87
304 88
304 89
304 90
304 91
304 92
304 93
304 94
304 95
304 96
304 97
304 98
304 99
304 100
