305 22
305 23
305 24
305 25
305 26
305 27
305 28
305 29
305 30
305 31
305 32
305 33
305 34
305 35
305 36
305 37
305 38
305 39
305 40
305 41
305 42
305 43
305 44
305 45
305 46
305 47
305 48
305 49
305 50
305 51
305 52
305 53
305 54
305 55
305 56
305 57
305 58
305 59
305 60
305 61
305 62
305 63
305 64
305 65
305 66
305 67
305 68
305 69
305 70
305 71
305 72
305 73
305 74
305 75
305 76
305 77
305 78
305 79
305 80
305 81
305 82
305 83
305 84
305 85
305 86
305 87
305 88
305 89
305 90
305 91
305 92
305 93
305 94
305 95
305 96
305 97
305 98
305 99
305 100
