306 22
306 23
306 24
306 25
306 26
306 27
306 28
306 29
306 30
306 31
306 32
306 33
306 34
306 35
306 36
306 37
306 38
306 39
306 40
306 41
306 42
306 43
306 44
306 45
306 46
306 47
306 48
306 49
306 50
306 51
306 52
306 53
306 54
306 55
306 56
306 57
306 58
306 59
306 60
306 61
306 62
306 63
306 64
306 65
306 66
306 67
306 68
306 69
306 70
306 71
306 72
306 73
306 74
306 75
306 76
306 77
306 78
306 79
306 80
306 81
306 82
306 83
306 84
306 85
306 86
306 87
306 88
306 89
306 90
306 91
306 92
306 93
306 94
306 95
306 96
306 97
306 98
306 99
306 100
