307 22
307 23
307 24
307 25
307 26
307 27
307 28
307 29
307 30
307 31
307 32
307 33
307 34
307 35
307 36
307 37
307 38
307 39
307 40
307 41
307 42
307 43
307 44
307 45
307 46
307 47
307 48
307 49
307 50
307 51
307 52
307 53
307 54
307 55
307 56
307 57
307 58
307 59
307 60
307 61
307 62
307 63
307 64
307 65
307 66
307 67
307 68
307 69
307 70
307 71
307 72
307 73
307 74
307 75
307 76
307 77
307 78
307 79
307 80
307 81
307 82
307 83
307 84
307 85
307 86
307 87
307 88
307 89
307 90
307 91
307 92
307 93
307 94
307 95
307 96
307 97
307 98
