308 23
308 24
308 25
308 26
308 27
308 28
308 29
308 30
308 31
308 32
308 33
308 34
308 35
308 36
308 37
308 38
308 39
308 40
308 41
308 42
308 43
308 44
308 45
308 46
308 47
308 48
308 49
308 50
308 51
308 52
308 53
308 54
308 55
308 56
308 57
308 58
308 59
308 60
308 61
308 62
308 63
308 64
308 65
308 66
308 67
308 68
308 69
308 70
308 71
308 72
308 73
308 74
308 75
308 76
308 77
308 78
308 79
308 80
308 81
308 82
308 83
308 84
308 85
308 86
308 87
308 88
308 89
308 90
308 91
308 92
308 93
308 94
308 95
308 96
308 97
308 98
308 99
