309 23
309 24
309 25
309 26
309 27
309 28
309 29
309 30
309 31
309 32
309 33
309 34
309 35
309 36
309 37
309 38
309 39
309 40
309 41
309 42
309 43
309 44
309 45
309 46
309 47
309 48
309 49
309 50
309 51
309 52
309 53
309 54
309 55
309 56
309 57
309 58
309 59
309 60
309 61
309 62
309 63
309 64
309 65
309 66
309 67
309 68
309 69
309 70
309 71
309 72
309 73
309 74
309 75
309 76
309 77
309 78
309 79
309 80
309 81
309 82
309 83
309 84
309 85
309 86
309 87
309 88
309 89
309 90
309 91
309 92
309 93
309 94
309 95
309 96
309 97
309 98
309 99
309 100
309 101
