310 24
310 25
310 26
310 27
310 28
310 29
310 30
310 31
310 32
310 33
310 34
310 35
310 36
310 37
310 38
310 39
310 40
310 41
310 42
310 43
310 44
310 45
310 46
310 47
310 48
310 49
310 50
310 51
310 52
310 53
310 54
310 55
310 56
310 57
310 58
310 59
310 60
310 61
310 62
310 63
310 64
310 65
310 66
310 67
310 68
310 69
310 70
310 71
310 72
310 73
310 74
310 75
310 76
310 77
310 78
310 79
310 80
310 81
310 82
310 83
310 84
310 85
310 86
310 87
310 88
310 89
310 90
310 91
310 92
310 93
310 94
310 95
310 96
310 97
310 98
310 99
310 100
310 101
310 102
310 103
