311 24
311 25
311 26
311 27
311 28
311 29
311 30
311 31
311 32
311 33
311 34
311 35
311 36
311 37
311 38
311 39
311 40
311 41
311 42
311 43
311 44
311 45
311 46
311 47
311 48
311 49
311 50
311 51
311 52
311 53
311 54
311 55
311 56
311 57
311 58
311 59
311 60
311 61
311 62
311 63
311 64
311 65
311 66
311 67
311 68
311 69
311 70
311 71
311 72
311 73
311 74
311 75
311 76
311 77
311 78
311 79
311 80
311 81
311 82
311 83
311 84
311 85
311 86
311 87
311 88
311 89
311 90
311 91
311 92
311 93
311 94
311 95
311 96
311 97
311 98
311 99
311 100
311 101
311 102
311 103
