312 25
312 26
312 27
312 28
312 29
312 30
312 31
312 32
312 33
312 34
312 35
312 36
312 37
312 38
312 39
312 40
312 41
312 42
312 43
312 44
312 45
312 46
312 47
312 48
312 49
312 50
312 51
312 52
312 53
312 54
312 55
312 56
312 57
312 58
312 59
312 60
312 61
312 62
312 63
312 64
312 65
312 66
312 67
312 68
312 69
312 70
312 71
312 72
312 73
312 74
312 75
312 76
312 77
312 78
312 79
312 80
312 81
312 82
312 83
312 84
312 85
312 86
312 87
312 88
312 89
312 90
312 91
312 92
312 93
312 94
312 95
312 96
312 97
312 98
312 99
312 100
312 101
312 102
312 103
312 104
