313 25
313 26
313 27
313 28
313 29
313 30
313 31
313 32
313 33
313 34
313 35
313 36
313 37
313 38
313 39
313 40
313 41
313 42
313 43
313 44
313 45
313 46
313 47
313 48
313 49
313 50
313 51
313 52
313 53
313 54
313 55
313 56
313 57
313 58
313 59
313 60
313 61
313 62
313 63
313 64
313 65
313 66
313 67
313 68
313 69
313 70
313 71
313 72
313 73
313 74
313 75
313 76
313 77
313 78
313 79
313 80
313 81
313 82
313 83
313 84
313 85
313 86
313 87
313 88
313 89
313 90
313 91
313 92
313 93
313 94
313 95
313 96
313 97
313 98
313 99
313 100
313 101
313 102
313 103
313 104
313 105
313 106
