314 25
314 26
314 27
314 28
314 29
314 30
314 31
314 32
314 33
314 34
314 35
314 36
314 37
314 38
314 39
314 40
314 41
314 42
314 43
314 44
314 45
314 46
314 47
314 48
314 49
314 50
314 51
314 52
314 53
314 54
314 55
314 56
314 57
314 58
314 59
314 60
314 61
314 62
314 63
314 64
314 65
314 66
314 67
314 68
314 69
314 70
314 71
314 72
314 73
314 74
314 75
314 76
314 77
314 78
314 79
314 80
314 81
314 82
314 83
314 84
314 85
314 86
314 87
314 88
314 89
314 90
314 91
314 92
314 93
314 94
314 95
314 96
314 97
314 98
314 99
314 100
314 101
314 102
314 103
314 104
314 105
314 106
314 107
314 108
314 112
