315 25
315 26
315 27
315 28
315 29
315 30
315 31
315 32
315 33
315 34
315 35
315 36
315 37
315 38
315 39
315 40
315 41
315 42
315 43
315 44
315 45
315 46
315 47
315 48
315 49
315 50
315 51
315 52
315 53
315 54
315 55
315 56
315 57
315 58
315 59
315 60
315 61
315 62
315 63
315 64
315 65
315 66
315 67
315 68
315 69
315 70
315 71
315 72
315 73
315 74
315 75
315 76
315 77
315 78
315 79
315 80
315 81
315 82
315 83
315 84
315 85
315 86
315 87
315 88
315 89
315 90
315 91
315 92
315 93
315 94
315 95
315 96
315 97
315 98
315 99
315 100
315 101
315 102
315 103
315 104
315 105
315 106
315 107
315 108
315 109
315 110
315 111
315 112
