316 24
316 25
316 26
316 27
316 28
316 29
316 30
316 31
316 32
316 33
316 34
316 35
316 36
316 37
316 38
316 39
316 40
316 41
316 42
316 43
316 44
316 45
316 46
316 47
316 48
316 49
316 50
316 51
316 52
316 53
316 54
316 55
316 56
316 57
316 58
316 59
316 60
316 61
316 62
316 63
316 64
316 65
316 66
316 67
316 68
316 69
316 70
316 71
316 72
316 73
316 74
316 75
316 76
316 77
316 78
316 79
316 80
316 81
316 82
316 83
316 84
316 85
316 86
316 87
316 88
316 89
316 90
316 91
316 92
316 93
316 94
316 95
316 96
316 97
316 98
316 99
316 100
316 101
316 102
316 103
316 104
316 105
316 106
316 107
316 108
316 109
316 110
316 111
316 112
