317 24
317 25
317 26
317 27
317 28
317 29
317 30
317 31
317 32
317 33
317 34
317 35
317 36
317 37
317 38
317 39
317 40
317 41
317 42
317 43
317 44
317 45
317 46
317 47
317 48
317 49
317 50
317 51
317 52
317 53
317 54
317 55
317 56
317 57
317 58
317 59
317 60
317 61
317 62
317 63
317 64
317 65
317 66
317 67
317 68
317 69
317 70
317 71
317 72
317 73
317 74
317 75
317 76
317 77
317 78
317 79
317 80
317 81
317 82
317 83
317 84
317 85
317 86
317 87
317 88
317 89
317 90
317 91
317 92
317 93
317 94
317 95
317 96
317 97
317 98
317 99
317 100
317 101
317 102
317 103
317 104
317 105
317 106
317 107
317 108
317 109
317 110
317 111
317 112
