318 24
318 25
318 26
318 27
318 28
318 29
318 30
318 31
318 32
318 33
318 34
318 35
318 36
318 37
318 38
318 39
318 40
318 41
318 42
318 43
318 44
318 45
318 46
318 47
318 48
318 49
318 50
318 51
318 52
318 53
318 54
318 55
318 56
318 57
318 58
318 59
318 60
318 61
318 62
318 63
318 64
318 65
318 66
318 67
318 68
318 69
318 70
318 71
318 72
318 73
318 74
318 75
318 76
318 77
318 78
318 79
318 80
318 81
318 82
318 83
318 84
318 85
318 86
318 87
318 88
318 89
318 90
318 91
318 92
318 93
318 94
318 95
318 96
318 97
318 98
318 99
318 100
318 101
318 102
318 103
318 104
318 105
318 106
318 107
318 108
318 109
318 110
318 133
318 134
