319 23
319 24
319 25
319 26
319 27
319 28
319 29
319 30
319 31
319 32
319 33
319 34
319 35
319 36
319 37
319 38
319 39
319 40
319 41
319 42
319 43
319 44
319 45
319 46
319 47
319 48
319 49
319 50
319 51
319 52
319 53
319 54
319 55
319 56
319 57
319 58
319 59
319 60
319 61
319 62
319 63
319 64
319 65
319 66
319 67
319 68
319 69
319 70
319 71
319 72
319 73
319 74
319 75
319 76
319 77
319 78
319 79
319 80
319 81
319 82
319 83
319 84
319 85
319 86
319 87
319 88
319 89
319 90
319 91
319 92
319 93
319 94
319 95
319 96
319 97
319 98
319 99
319 100
319 101
319 102
319 103
319 104
319 105
319 106
319 107
319 108
319 109
319 110
319 111
319 134
319 135
