320 23
320 24
320 25
320 26
320 27
320 28
320 29
320 30
320 31
320 32
320 33
320 34
320 35
320 36
320 37
320 38
320 39
320 40
320 41
320 42
320 43
320 44
320 45
320 46
320 47
320 48
320 49
320 50
320 51
320 52
320 53
320 54
320 55
320 56
320 57
320 58
320 59
320 60
320 61
320 62
320 63
320 64
320 65
320 66
320 67
320 68
320 69
320 70
320 71
320 72
320 73
320 74
320 75
320 76
320 77
320 78
320 79
320 80
320 81
320 82
320 83
320 84
320 85
320 86
320 87
320 88
320 89
320 90
320 91
320 92
320 93
320 94
320 95
320 96
320 97
320 98
320 99
320 100
320 101
320 102
320 103
320 104
320 105
320 106
320 107
320 108
320 109
320 110
320 111
320 112
320 113
320 114
320 134
320 135
320 136
