321 23
321 24
321 25
321 26
321 27
321 28
321 29
321 30
321 31
321 32
321 33
321 34
321 35
321 36
321 37
321 38
321 39
321 40
321 41
321 42
321 43
321 44
321 45
321 46
321 47
321 48
321 49
321 50
321 51
321 52
321 53
321 54
321 55
321 56
321 57
321 58
321 59
321 60
321 61
321 62
321 63
321 64
321 65
321 66
321 67
321 68
321 69
321 70
321 71
321 72
321 73
321 74
321 75
321 76
321 77
321 78
321 79
321 80
321 81
321 82
321 83
321 84
321 85
321 86
321 87
321 88
321 89
321 90
321 91
321 92
321 93
321 94
321 95
321 96
321 97
321 98
321 99
321 100
321 101
321 102
321 103
321 104
321 105
321 106
321 107
321 108
321 109
321 110
321 111
321 112
321 113
321 114
321 115
321 116
321 117
321 135
321 136
321 137
321 138
