322 23
322 24
322 25
322 26
322 27
322 28
322 29
322 30
322 31
322 32
322 33
322 34
322 35
322 36
322 37
322 38
322 39
322 40
322 41
322 42
322 43
322 44
322 45
322 46
322 47
322 48
322 49
322 50
322 51
322 52
322 53
322 54
322 55
322 56
322 57
322 58
322 59
322 60
322 61
322 62
322 63
322 64
322 65
322 66
322 67
322 68
322 69
322 70
322 71
322 72
322 73
322 74
322 75
322 76
322 77
322 78
322 79
322 80
322 81
322 82
322 83
322 84
322 85
322 86
322 87
322 88
322 89
322 90
322 91
322 92
322 93
322 94
322 95
322 96
322 97
322 98
322 99
322 100
322 101
322 102
322 103
322 104
322 105
322 106
322 107
322 108
322 109
322 110
322 111
322 112
322 113
322 114
322 115
322 116
322 117
322 118
322 119
322 120
322 121
322 122
322 123
322 124
322 125
322 126
322 127
322 136
322 137
322 138
322 139
