323 23
323 24
323 25
323 26
323 27
323 28
323 29
323 30
323 31
323 32
323 33
323 34
323 35
323 36
323 37
323 38
323 39
323 40
323 41
323 42
323 43
323 44
323 45
323 46
323 47
323 48
323 49
323 50
323 51
323 52
323 53
323 54
323 55
323 56
323 57
323 58
323 59
323 60
323 61
323 62
323 63
323 64
323 65
323 66
323 67
323 68
323 69
323 70
323 71
323 72
323 73
323 74
323 75
323 76
323 77
323 78
323 79
323 80
323 81
323 82
323 83
323 84
323 85
323 86
323 87
323 88
323 89
323 90
323 91
323 92
323 93
323 94
323 95
323 96
323 97
323 98
323 99
323 100
323 101
323 102
323 103
323 104
323 105
323 106
323 107
323 108
323 109
323 110
323 111
323 112
323 113
323 114
323 115
323 126
323 127
323 128
323 129
323 137
323 138
323 139
323 140
323 141
323 142
