324 23
324 24
324 25
324 26
324 27
324 28
324 29
324 30
324 31
324 32
324 33
324 34
324 35
324 36
324 37
324 38
324 39
324 40
324 41
324 42
324 43
324 44
324 45
324 46
324 47
324 48
324 49
324 50
324 51
324 52
324 53
324 54
324 55
324 56
324 57
324 58
324 59
324 60
324 61
324 62
324 63
324 64
324 65
324 66
324 67
324 68
324 69
324 70
324 71
324 72
324 73
324 74
324 75
324 76
324 77
324 78
324 79
324 80
324 81
324 82
324 83
324 84
324 85
324 86
324 87
324 88
324 89
324 90
324 91
324 92
324 93
324 94
324 95
324 96
324 97
324 98
324 99
324 100
324 101
324 102
324 103
324 104
324 105
324 106
324 107
324 108
324 109
324 110
324 111
324 112
324 113
324 114
324 115
324 116
324 128
324 129
324 130
324 139
324 140
324 141
324 142
324 143
324 144
