325 23
325 24
325 25
325 26
325 27
325 28
325 29
325 30
325 31
325 32
325 33
325 34
325 35
325 36
325 37
325 38
325 39
325 40
325 41
325 42
325 43
325 44
325 45
325 46
325 47
325 48
325 49
325 50
325 51
325 52
325 53
325 54
325 55
325 56
325 57
325 58
325 59
325 60
325 61
325 62
325 63
325 64
325 65
325 66
325 67
325 68
325 69
325 70
325 71
325 72
325 73
325 74
325 75
325 76
325 77
325 78
325 79
325 80
325 81
325 82
325 83
325 84
325 85
325 86
325 87
325 88
325 89
325 90
325 91
325 92
325 93
325 94
325 95
325 96
325 97
325 98
325 99
325 100
325 101
325 102
325 103
325 104
325 105
325 106
325 107
325 108
325 109
325 110
325 111
325 112
325 113
325 114
325 115
325 116
325 117
325 130
325 131
325 132
325 133
325 139
325 140
325 141
325 142
325 143
325 144
325 145
325 146
