326 24
326 25
326 26
326 27
326 28
326 29
326 30
326 31
326 32
326 33
326 34
326 35
326 36
326 37
326 38
326 39
326 40
326 41
326 42
326 43
326 44
326 45
326 46
326 47
326 48
326 49
326 50
326 51
326 52
326 53
326 54
326 55
326 56
326 57
326 58
326 59
326 60
326 61
326 62
326 63
326 64
326 65
326 66
326 67
326 68
326 69
326 70
326 71
326 72
326 73
326 74
326 75
326 76
326 77
326 78
326 79
326 80
326 81
326 82
326 83
326 84
326 85
326 86
326 87
326 88
326 89
326 90
326 91
326 92
326 93
326 94
326 95
326 96
326 97
326 98
326 99
326 100
326 101
326 102
326 103
326 104
326 105
326 106
326 107
326 108
326 109
326 110
326 111
326 112
326 113
326 114
326 115
326 116
326 117
326 118
326 131
326 132
326 133
326 134
326 135
326 136
326 140
326 141
326 142
326 143
326 144
326 145
326 146
326 147
326 148
