327 24
327 25
327 26
327 27
327 28
327 29
327 30
327 31
327 32
327 33
327 34
327 35
327 36
327 37
327 38
327 39
327 40
327 41
327 42
327 43
327 44
327 45
327 46
327 47
327 48
327 49
327 50
327 51
327 52
327 53
327 54
327 55
327 56
327 57
327 58
327 59
327 60
327 61
327 62
327 63
327 64
327 65
327 66
327 67
327 68
327 69
327 70
327 71
327 72
327 73
327 74
327 75
327 76
327 77
327 78
327 79
327 80
327 81
327 82
327 83
327 84
327 85
327 86
327 87
327 88
327 89
327 90
327 91
327 92
327 93
327 94
327 95
327 96
327 97
327 98
327 99
327 100
327 101
327 102
327 103
327 104
327 105
327 106
327 107
327 108
327 109
327 110
327 111
327 112
327 113
327 114
327 115
327 116
327 117
327 118
327 119
327 132
327 133
327 134
327 135
327 136
327 137
327 138
327 142
327 143
327 144
327 145
327 146
327 147
327 148
327 149
