328 24
328 25
328 26
328 27
328 28
328 29
328 30
328 31
328 32
328 33
328 34
328 35
328 36
328 37
328 38
328 39
328 40
328 41
328 42
328 43
328 44
328 45
328 46
328 47
328 48
328 49
328 50
328 51
328 52
328 53
328 54
328 55
328 56
328 57
328 58
328 59
328 60
328 61
328 62
328 63
328 64
328 65
328 66
328 67
328 68
328 69
328 70
328 71
328 72
328 73
328 74
328 75
328 76
328 77
328 78
328 79
328 80
328 81
328 82
328 83
328 84
328 85
328 86
328 87
328 88
328 89
328 90
328 91
328 92
328 93
328 94
328 95
328 96
328 97
328 98
328 99
328 100
328 101
328 102
328 103
328 104
328 105
328 106
328 107
328 108
328 109
328 110
328 111
328 112
328 113
328 114
328 115
328 116
328 117
328 118
328 119
328 120
328 121
328 133
328 134
328 135
328 136
328 137
328 138
328 139
328 143
328 144
328 145
328 146
328 147
328 148
328 149
328 150
328 151
