329 24
329 25
329 26
329 27
329 28
329 29
329 30
329 31
329 32
329 33
329 34
329 35
329 36
329 37
329 38
329 39
329 40
329 41
329 42
329 43
329 44
329 45
329 46
329 47
329 48
329 49
329 50
329 51
329 52
329 53
329 54
329 55
329 56
329 57
329 58
329 59
329 60
329 61
329 62
329 63
329 64
329 65
329 66
329 67
329 68
329 69
329 70
329 71
329 72
329 73
329 74
329 75
329 76
329 77
329 78
329 79
329 80
329 81
329 82
329 83
329 84
329 85
329 86
329 87
329 88
329 89
329 90
329 91
329 92
329 93
329 94
329 95
329 96
329 97
329 98
329 99
329 100
329 101
329 102
329 103
329 104
329 107
329 108
329 109
329 110
329 111
329 112
329 113
329 114
329 115
329 116
329 117
329 118
329 119
329 120
329 121
329 122
329 134
329 135
329 138
329 139
329 143
329 146
329 147
329 148
329 149
329 150
329 151
329 152
