330 24
330 25
330 26
330 27
330 28
330 29
330 30
330 31
330 32
330 33
330 34
330 35
330 36
330 37
330 38
330 39
330 40
330 41
330 42
330 43
330 44
330 45
330 46
330 47
330 48
330 49
330 50
330 51
330 52
330 53
330 54
330 55
330 56
330 57
330 58
330 59
330 60
330 61
330 62
330 63
330 64
330 65
330 66
330 67
330 68
330 69
330 70
330 71
330 72
330 73
330 74
330 75
330 76
330 77
330 78
330 79
330 80
330 81
330 82
330 83
330 84
330 85
330 86
330 87
330 88
330 89
330 90
330 91
330 92
330 93
330 94
330 95
330 96
330 97
330 98
330 99
330 100
330 101
330 102
330 103
330 108
330 109
330 110
330 111
330 112
330 113
330 114
330 115
330 116
330 117
330 118
330 119
330 120
330 121
330 122
330 123
330 140
330 146
330 147
330 148
330 149
330 150
330 151
330 152
330 153
