331 24
331 25
331 26
331 27
331 28
331 29
331 30
331 31
331 32
331 33
331 34
331 35
331 36
331 37
331 38
331 39
331 40
331 41
331 42
331 43
331 44
331 45
331 46
331 47
331 48
331 49
331 50
331 51
331 52
331 53
331 54
331 55
331 56
331 57
331 58
331 59
331 60
331 61
331 62
331 63
331 64
331 65
331 66
331 67
331 68
331 69
331 70
331 71
331 72
331 73
331 74
331 75
331 76
331 77
331 78
331 79
331 80
331 81
331 82
331 83
331 84
331 85
331 86
331 87
331 88
331 89
331 90
331 91
331 92
331 93
331 94
331 95
331 96
331 97
331 98
331 99
331 100
331 101
331 110
331 111
331 112
331 113
331 114
331 115
331 116
331 117
331 118
331 119
331 120
331 121
331 122
331 123
331 124
331 125
331 148
331 149
331 150
331 151
331 152
331 153
331 154
