332 24
332 25
332 26
332 27
332 28
332 29
332 30
332 31
332 32
332 33
332 34
332 35
332 36
332 37
332 38
332 39
332 40
332 41
332 42
332 43
332 44
332 45
332 46
332 47
332 48
332 49
332 50
332 51
332 52
332 53
332 54
332 55
332 56
332 57
332 58
332 59
332 60
332 61
332 62
332 63
332 64
332 65
332 66
332 67
332 68
332 69
332 70
332 71
332 72
332 73
332 74
332 75
332 76
332 77
332 78
332 79
332 80
332 81
332 82
332 83
332 84
332 85
332 86
332 87
332 88
332 89
332 90
332 91
332 92
332 93
332 94
332 95
332 96
332 97
332 98
332 99
332 100
332 111
332 112
332 113
332 114
332 115
332 116
332 117
332 118
332 119
332 120
332 121
332 122
332 123
332 124
332 125
332 149
332 150
332 151
332 152
332 153
332 154
