333 24
333 25
333 26
333 27
333 28
333 29
333 30
333 31
333 32
333 33
333 34
333 35
333 36
333 37
333 38
333 39
333 40
333 41
333 42
333 43
333 44
333 45
333 46
333 47
333 48
333 49
333 50
333 51
333 52
333 53
333 54
333 55
333 56
333 57
333 58
333 59
333 60
333 61
333 62
333 63
333 64
333 65
333 66
333 67
333 68
333 69
333 70
333 71
333 72
333 73
333 74
333 75
333 76
333 77
333 78
333 79
333 80
333 81
333 82
333 83
333 84
333 85
333 86
333 87
333 88
333 89
333 90
333 91
333 92
333 93
333 94
333 95
333 96
333 97
333 98
333 99
333 100
333 112
333 113
333 114
333 115
333 116
333 117
333 118
333 119
333 120
333 121
333 122
333 123
333 124
333 155
333 156
