334 24
334 25
334 26
334 27
334 28
334 29
334 30
334 31
334 32
334 33
334 34
334 35
334 36
334 37
334 38
334 39
334 40
334 41
334 42
334 43
334 44
334 45
334 46
334 47
334 48
334 49
334 50
334 51
334 52
334 53
334 54
334 55
334 56
334 57
334 58
334 59
334 60
334 61
334 62
334 63
334 64
334 65
334 66
334 67
334 68
334 71
334 72
334 73
334 74
334 75
334 76
334 77
334 78
334 79
334 80
334 81
334 82
334 83
334 84
334 85
334 86
334 87
334 88
334 89
334 90
334 91
334 92
334 93
334 94
334 95
334 96
334 97
334 98
334 99
334 100
334 101
334 105
334 106
334 113
334 114
334 115
334 116
334 117
334 118
334 119
334 120
334 121
334 122
334 156
334 157
