337 24
337 25
337 26
337 27
337 28
337 29
337 30
337 31
337 32
337 33
337 34
337 35
337 36
337 37
337 38
337 39
337 40
337 41
337 42
337 43
337 44
337 45
337 46
337 47
337 48
337 49
337 50
337 51
337 52
337 53
337 54
337 55
337 56
337 57
337 58
337 59
337 60
337 61
337 62
337 63
337 64
337 65
337 66
337 73
337 74
337 75
337 76
337 77
337 78
337 79
337 80
337 81
337 82
337 83
337 84
337 85
337 86
337 87
337 88
337 89
337 90
337 91
337 92
337 93
337 94
337 95
337 96
337 97
337 98
337 99
337 100
337 157
337 158
337 194
337 195
337 196
337 197
337 202
337 203
337 204
337 205
337 206
337 207
337 208
337 209
