338 25
338 26
338 27
338 28
338 29
338 30
338 31
338 32
338 33
338 34
338 35
338 36
338 37
338 38
338 39
338 40
338 41
338 42
338 43
338 44
338 45
338 46
338 47
338 48
338 49
338 50
338 51
338 52
338 53
338 54
338 55
338 56
338 57
338 58
338 59
338 60
338 61
338 62
338 63
338 64
338 65
338 74
338 75
338 76
338 77
338 78
338 79
338 80
338 81
338 82
338 83
338 84
338 85
338 86
338 87
338 88
338 89
338 90
338 91
338 92
338 93
338 94
338 95
338 96
338 97
338 98
338 99
338 140
338 141
338 142
338 143
338 144
338 157
338 158
338 190
338 191
338 193
338 194
338 195
338 196
338 197
338 198
338 199
338 200
338 201
338 202
338 203
338 204
338 205
338 206
338 207
338 208
338 209
