339 25
339 26
339 27
339 28
339 29
339 30
339 31
339 32
339 33
339 34
339 35
339 36
339 37
339 38
339 39
339 40
339 41
339 42
339 43
339 44
339 45
339 46
339 47
339 48
339 49
339 50
339 51
339 52
339 53
339 54
339 55
339 56
339 57
339 58
339 59
339 60
339 61
339 62
339 63
339 64
339 65
339 66
339 68
339 69
339 73
339 74
339 75
339 76
339 77
339 78
339 79
339 80
339 81
339 82
339 83
339 84
339 85
339 86
339 87
339 88
339 89
339 90
339 91
339 92
339 93
339 94
339 95
339 96
339 97
339 98
339 141
339 142
339 143
339 144
339 145
339 146
339 147
339 148
339 156
339 157
339 158
339 188
339 189
339 190
339 191
339 192
339 193
339 194
339 195
339 196
339 197
339 198
339 199
339 200
339 201
339 202
339 203
339 204
339 205
339 206
339 207
339 208
