340 25
340 26
340 27
340 28
340 29
340 30
340 31
340 32
340 33
340 34
340 35
340 36
340 37
340 38
340 39
340 40
340 41
340 42
340 44
340 45
340 46
340 47
340 48
340 49
340 50
340 51
340 52
340 53
340 54
340 55
340 56
340 57
340 58
340 59
340 60
340 61
340 62
340 63
340 64
340 65
340 66
340 67
340 68
340 73
340 74
340 75
340 78
340 79
340 80
340 81
340 82
340 83
340 84
340 85
340 86
340 87
340 88
340 89
340 90
340 91
340 92
340 93
340 94
340 95
340 96
340 97
340 98
340 140
340 141
340 142
340 143
340 144
340 145
340 146
340 147
340 148
340 149
340 157
340 158
340 159
340 188
340 189
340 190
340 191
340 192
340 193
340 194
340 195
340 196
340 197
340 198
340 199
340 200
340 201
340 202
340 203
340 204
340 205
340 206
340 207
