341 25
341 26
341 27
341 28
341 29
341 30
341 31
341 32
341 33
341 34
341 35
341 36
341 37
341 38
341 39
341 40
341 45
341 46
341 47
341 48
341 49
341 50
341 51
341 52
341 53
341 54
341 55
341 56
341 57
341 58
341 59
341 60
341 61
341 62
341 63
341 64
341 65
341 66
341 67
341 73
341 74
341 78
341 79
341 80
341 81
341 82
341 83
341 84
341 85
341 86
341 87
341 88
341 89
341 90
341 91
341 92
341 93
341 94
341 95
341 96
341 97
341 98
341 138
341 139
341 140
341 141
341 142
341 143
341 144
341 145
341 146
341 147
341 148
341 149
341 157
341 158
341 159
341 186
341 187
341 188
341 189
341 190
341 191
341 192
341 193
341 194
341 195
341 196
341 197
341 198
341 199
341 200
341 201
341 202
341 203
341 204
341 205
341 206
341 207
