342 25
342 26
342 27
342 28
342 29
342 30
342 31
342 32
342 33
342 34
342 35
342 36
342 37
342 44
342 45
342 46
342 47
342 48
342 49
342 50
342 51
342 52
342 53
342 54
342 55
342 56
342 57
342 58
342 59
342 60
342 61
342 62
342 63
342 64
342 65
342 66
342 67
342 73
342 79
342 80
342 81
342 82
342 83
342 84
342 85
342 86
342 87
342 88
342 89
342 90
342 91
342 92
342 93
342 94
342 95
342 96
342 97
342 137
342 138
342 139
342 140
342 141
342 142
342 143
342 144
342 145
342 146
342 147
342 148
342 149
342 158
342 159
342 186
342 187
342 188
342 189
342 190
342 191
342 192
342 193
342 194
342 195
342 196
342 197
342 198
342 199
342 200
342 201
342 202
342 203
342 204
342 205
342 206
342 207
