343 25
343 26
343 27
343 28
343 29
343 30
343 31
343 32
343 33
343 34
343 35
343 36
343 37
343 46
343 47
343 48
343 49
343 50
343 51
343 52
343 53
343 54
343 55
343 56
343 57
343 58
343 59
343 60
343 61
343 62
343 63
343 64
343 65
343 66
343 67
343 80
343 81
343 82
343 83
343 84
343 85
343 86
343 87
343 88
343 89
343 90
343 91
343 92
343 93
343 94
343 95
343 96
343 97
343 136
343 137
343 138
343 139
343 140
343 141
343 142
343 143
343 144
343 145
343 146
343 147
343 148
343 149
343 159
343 185
343 186
343 187
343 188
343 189
343 190
343 191
343 192
343 193
343 194
343 195
343 196
343 197
343 198
343 199
343 200
343 201
343 202
343 203
343 204
343 205
343 206
343 207
