344 25
344 26
344 27
344 28
344 29
344 30
344 31
344 32
344 33
344 34
344 35
344 36
344 46
344 47
344 48
344 49
344 50
344 51
344 52
344 53
344 54
344 55
344 56
344 57
344 58
344 59
344 60
344 61
344 62
344 63
344 64
344 65
344 66
344 67
344 68
344 69
344 82
344 83
344 84
344 85
344 86
344 87
344 88
344 89
344 90
344 91
344 92
344 93
344 94
344 95
344 96
344 134
344 135
344 136
344 137
344 138
344 139
344 140
344 141
344 142
344 143
344 144
344 145
344 146
344 147
344 148
344 149
344 159
344 184
344 185
344 186
344 187
344 188
344 189
344 190
344 191
344 192
344 193
344 194
344 195
344 196
344 197
344 198
344 199
344 200
344 201
344 202
344 203
344 204
344 205
344 206
344 207
