345 26
345 27
345 28
345 29
345 30
345 31
345 32
345 33
345 34
345 35
345 36
345 45
345 46
345 47
345 48
345 49
345 50
345 51
345 52
345 53
345 54
345 55
345 56
345 57
345 58
345 59
345 60
345 61
345 62
345 63
345 64
345 65
345 66
345 67
345 68
345 69
345 70
345 83
345 84
345 86
345 87
345 88
345 89
345 90
345 91
345 92
345 93
345 94
345 133
345 134
345 135
345 136
345 137
345 138
345 139
345 140
345 141
345 142
345 143
345 144
345 145
345 146
345 147
345 148
345 149
345 150
345 184
345 185
345 186
345 187
345 188
345 189
345 190
345 191
345 192
345 193
345 194
345 195
345 196
345 197
345 198
345 199
345 200
345 201
345 202
345 203
345 204
345 205
345 206
345 207
