346 26
346 27
346 28
346 29
346 30
346 31
346 32
346 33
346 34
346 35
346 36
346 37
346 45
346 46
346 47
346 48
346 49
346 50
346 51
346 52
346 53
346 54
346 55
346 56
346 57
346 58
346 59
346 60
346 61
346 62
346 63
346 64
346 65
346 66
346 67
346 68
346 69
346 70
346 86
346 87
346 88
346 89
346 90
346 91
346 92
346 133
346 134
346 135
346 136
346 137
346 138
346 139
346 140
346 141
346 142
346 143
346 144
346 145
346 146
346 147
346 148
346 149
346 150
346 184
346 185
346 186
346 187
346 188
346 189
346 190
346 191
346 192
346 193
346 194
346 195
346 196
346 197
346 198
346 199
346 200
346 201
346 202
346 203
346 204
346 205
346 206
