347 26
347 27
347 28
347 29
347 30
347 31
347 32
347 33
347 34
347 35
347 36
347 37
347 46
347 47
347 48
347 49
347 50
347 51
347 52
347 53
347 54
347 55
347 56
347 57
347 58
347 59
347 60
347 61
347 62
347 63
347 64
347 65
347 66
347 67
347 68
347 69
347 70
347 71
347 87
347 88
347 130
347 131
347 132
347 133
347 134
347 135
347 136
347 137
347 138
347 139
347 140
347 141
347 142
347 143
347 144
347 145
347 146
347 147
347 148
347 149
347 183
347 184
347 185
347 186
347 187
347 188
347 189
347 190
347 191
347 192
347 193
347 194
347 195
347 196
347 197
347 198
347 199
347 200
347 201
347 202
347 203
347 204
347 205
347 206
