348 25
348 26
348 27
348 28
348 29
348 30
348 31
348 32
348 33
348 34
348 35
348 36
348 37
348 46
348 47
348 48
348 49
348 50
348 51
348 52
348 53
348 54
348 55
348 56
348 57
348 58
348 59
348 60
348 61
348 62
348 63
348 64
348 65
348 66
348 69
348 70
348 71
348 72
348 73
348 96
348 97
348 98
348 130
348 131
348 132
348 133
348 134
348 135
348 136
348 137
348 138
348 139
348 140
348 141
348 142
348 143
348 144
348 145
348 183
348 184
348 185
348 186
348 187
348 188
348 189
348 190
348 191
348 192
348 193
348 194
348 195
348 196
348 197
348 198
348 199
348 200
348 201
348 202
348 203
348 204
348 205
