349 26
349 27
349 28
349 29
349 30
349 31
349 32
349 33
349 34
349 35
349 36
349 37
349 47
349 48
349 49
349 50
349 51
349 52
349 53
349 54
349 55
349 56
349 57
349 58
349 59
349 60
349 61
349 70
349 71
349 72
349 73
349 74
349 75
349 76
349 95
349 96
349 97
349 98
349 99
349 125
349 132
349 133
349 134
349 138
349 139
349 140
349 141
349 142
349 144
349 160
349 183
349 184
349 185
349 186
349 187
349 188
349 189
349 190
349 191
349 192
349 193
349 194
349 195
349 196
349 197
349 198
349 199
349 200
349 201
349 202
349 203
349 204
