364 26
364 27
364 28
364 29
364 30
364 31
364 32
364 33
364 34
364 35
364 36
364 37
364 38
364 39
364 40
364 41
364 42
364 43
364 61
364 62
364 63
364 67
364 68
364 69
364 70
364 71
364 72
364 73
364 74
364 75
364 76
364 141
364 142
364 173
364 174
364 175
364 176
364 177
364 178
364 179
364 180
364 181
364 182
364 183
364 184
364 185
364 186
364 187
364 188
364 189
364 190
364 191
364 192
364 193
364 194
364 195
364 196
364 197
364 198
364 199
364 200
364 201
364 202
364 203
364 204
364 205
364 206
364 207
