365 27
365 28
365 29
365 30
365 31
365 32
365 33
365 34
365 35
365 36
365 37
365 38
365 39
365 40
365 41
365 42
365 43
365 61
365 62
365 67
365 68
365 69
365 70
365 71
365 72
365 73
365 74
365 75
365 76
365 150
365 171
365 172
365 173
365 174
365 175
365 176
365 177
365 178
365 179
365 180
365 181
365 182
365 183
365 184
365 185
365 186
365 187
365 188
365 189
365 190
365 191
365 192
365 193
365 194
365 195
365 196
365 197
365 198
365 199
365 200
365 201
365 202
365 203
365 204
365 205
365 206
365 209
