367 26
367 27
367 28
367 29
367 30
367 31
367 32
367 33
367 34
367 35
367 36
367 40
367 41
367 42
367 43
367 44
367 45
367 150
367 168
367 169
367 170
367 171
367 172
367 173
367 174
367 175
367 176
367 177
367 178
367 179
367 180
367 181
367 182
367 183
367 184
367 185
367 186
367 187
367 188
367 189
367 190
367 191
367 192
367 193
367 194
367 195
367 196
367 197
367 198
367 199
367 200
367 201
367 202
367 203
367 204
367 205
367 206
367 207
367 208
367 209
367 210
367 211
367 212
367 213
367 214
367 215
