368 26
368 27
368 28
368 29
368 30
368 31
368 32
368 33
368 34
368 35
368 40
368 41
368 42
368 43
368 44
368 45
368 150
368 168
368 169
368 170
368 171
368 172
368 173
368 174
368 175
368 176
368 177
368 178
368 179
368 180
368 181
368 182
368 183
368 184
368 185
368 186
368 187
368 188
368 189
368 190
368 191
368 192
368 193
368 194
368 195
368 196
368 197
368 198
368 199
368 200
368 201
368 202
368 203
368 204
368 205
368 206
368 207
368 208
368 209
368 210
368 211
368 212
368 213
368 214
368 215
368 222
368 223
368 224
