369 26
369 27
369 28
369 29
369 30
369 31
369 32
369 33
369 34
369 35
369 36
369 40
369 41
369 42
369 43
369 44
369 45
369 46
369 145
369 168
369 169
369 170
369 171
369 172
369 173
369 174
369 175
369 176
369 177
369 178
369 179
369 180
369 181
369 182
369 183
369 184
369 185
369 186
369 187
369 188
369 189
369 190
369 191
369 192
369 193
369 194
369 195
369 196
369 197
369 198
369 199
369 200
369 201
369 202
369 203
369 204
369 205
369 206
369 207
369 208
369 209
369 210
369 211
369 212
369 213
369 214
369 215
369 221
369 222
369 223
