370 27
370 28
370 29
370 30
370 31
370 32
370 33
370 34
370 35
370 41
370 42
370 43
370 44
370 45
370 46
370 145
370 146
370 167
370 168
370 169
370 170
370 171
370 172
370 173
370 174
370 175
370 176
370 177
370 178
370 179
370 180
370 181
370 182
370 183
370 184
370 185
370 186
370 187
370 188
370 189
370 190
370 191
370 192
370 193
370 194
370 195
370 196
370 197
370 198
370 199
370 200
370 201
370 202
370 203
370 204
370 205
370 206
370 207
370 208
370 209
370 210
370 211
370 212
370 213
370 214
370 215
370 221
370 222
