371 27
371 28
371 29
371 30
371 31
371 32
371 33
371 34
371 35
371 43
371 44
371 45
371 46
371 47
371 145
371 146
371 147
371 149
371 150
371 167
371 168
371 169
371 170
371 171
371 172
371 173
371 174
371 175
371 176
371 177
371 178
371 179
371 180
371 181
371 182
371 183
371 184
371 185
371 186
371 187
371 188
371 189
371 190
371 191
371 192
371 193
371 194
371 195
371 196
371 197
371 198
371 199
371 200
371 201
371 202
371 203
371 204
371 205
371 206
371 207
371 208
371 209
371 210
371 211
371 212
371 213
371 214
371 221
371 222
