372 27
372 28
372 29
372 30
372 32
372 33
372 34
372 35
372 48
372 146
372 147
372 148
372 149
372 150
372 167
372 168
372 169
372 170
372 171
372 172
372 173
372 174
372 175
372 176
372 177
372 178
372 179
372 180
372 181
372 182
372 183
372 184
372 185
372 186
372 187
372 188
372 189
372 190
372 191
372 192
372 193
372 194
372 195
372 196
372 197
372 198
372 199
372 200
372 201
372 202
372 203
372 204
372 205
372 206
372 207
372 208
372 209
372 210
372 211
372 212
372 213
372 214
372 215
372 220
372 221
