43 27
43 28
43 29
43 30
43 31
43 32
43 33
43 34
43 35
43 36
43 37
43 38
43 39
43 40
43 41
43 42
43 43
43 44
43 45
43 46
43 47
43 48
43 49
43 50
43 51
43 52
43 53
43 54
43 55
43 56
43 57
43 58
43 59
43 60
43 61
43 62
43 63
43 64
43 65
43 66
43 67
43 68
43 69
43 70
43 71
43 72
43 73
43 74
43 75
43 76
43 77
43 78
43 79
43 80
43 81
43 82
43 83
43 84
43 85
43 86
43 87
43 88
43 89
43 90
43 91
43 92
43 93
43 94
43 95
43 96
43 97
43 98
43 99
43 100
43 101
43 102
43 103
43 104
43 105
43 106
43 107
43 108
43 109
43 110
43 111
43 112
