67 23
67 24
67 25
67 26
67 29
67 30
67 31
67 32
67 33
67 34
67 35
67 36
67 37
67 38
67 39
67 40
67 41
67 42
67 43
67 44
67 45
67 46
67 47
67 48
67 49
67 50
67 51
67 52
67 53
67 54
67 58
67 59
67 60
67 61
67 62
67 63
67 65
67 66
67 67
67 68
67 69
67 70
67 71
67 72
67 73
67 74
67 75
67 76
67 77
67 78
67 79
67 80
67 81
67 82
67 83
67 84
67 85
67 86
67 87
67 88
67 89
67 90
67 91
67 92
67 99
67 126
67 141
67 142
67 143
67 144
67 145
67 146
67 147
67 148
67 149
67 150
67 151
67 152
67 153
67 154
67 155
67 156
67 157
67 158
67 159
67 160
