69 23
69 24
69 25
69 26
69 28
69 29
69 30
69 31
69 32
69 33
69 34
69 35
69 36
69 37
69 38
69 39
69 40
69 41
69 42
69 43
69 44
69 45
69 46
69 47
69 48
69 49
69 50
69 51
69 52
69 53
69 54
69 57
69 58
69 59
69 60
69 65
69 66
69 67
69 68
69 69
69 70
69 71
69 72
69 73
69 74
69 75
69 76
69 77
69 78
69 79
69 80
69 81
69 82
69 83
69 90
69 91
69 92
69 93
69 100
69 101
69 128
69 129
69 130
69 131
69 132
69 133
69 134
69 135
69 136
69 138
69 139
69 140
69 141
69 142
69 143
69 144
69 145
69 146
69 147
69 148
69 149
69 150
69 151
69 152
69 153
69 154
69 155
69 156
69 157
69 158
69 159
69 160
69 161
69 162
69 163
69 164
69 165
