74 24
74 25
74 26
74 28
74 29
74 30
74 31
74 32
74 33
74 34
74 35
74 36
74 42
74 43
74 44
74 45
74 46
74 47
74 48
74 49
74 50
74 51
74 52
74 53
74 54
74 62
74 66
74 67
74 68
74 69
74 70
74 71
74 72
74 73
74 74
74 75
74 76
74 77
74 78
74 103
74 104
74 122
74 123
74 124
74 125
74 126
74 127
74 128
74 129
74 130
74 131
74 132
74 133
74 134
74 135
74 136
74 137
74 138
74 139
74 140
74 141
74 142
74 143
74 144
74 145
74 146
74 147
74 148
74 149
74 150
74 151
74 152
74 153
74 154
74 155
74 156
74 157
74 158
74 159
74 160
74 161
74 162
74 163
74 164
74 165
74 166
74 167
74 168
74 169
74 170
74 171
74 172
74 173
74 174
