77 20
77 21
77 28
77 29
77 30
77 31
77 32
77 33
77 34
77 43
77 44
77 45
77 46
77 47
77 48
77 49
77 50
77 51
77 52
77 53
77 54
77 55
77 56
77 57
77 60
77 61
77 62
77 65
77 66
77 67
77 68
77 69
77 70
77 71
77 72
77 73
77 74
77 75
77 76
77 107
77 120
77 121
77 122
77 123
77 126
77 127
77 128
77 129
77 130
77 131
77 132
77 133
77 134
77 135
77 136
77 137
77 138
77 139
77 140
77 141
77 142
77 143
77 144
77 145
77 146
77 147
77 148
77 149
77 150
77 151
77 152
77 153
77 154
77 155
77 156
77 157
77 158
77 159
77 160
77 161
77 162
77 163
77 164
77 165
77 166
77 167
77 168
77 169
77 170
77 171
77 172
77 173
77 174
77 175
77 176
