78 21
78 28
78 29
78 30
78 31
78 32
78 33
78 43
78 44
78 45
78 46
78 47
78 48
78 49
78 50
78 51
78 52
78 53
78 54
78 55
78 56
78 57
78 60
78 61
78 62
78 64
78 65
78 66
78 67
78 68
78 69
78 70
78 71
78 72
78 73
78 74
78 75
78 105
78 106
78 107
78 123
78 126
78 127
78 128
78 129
78 130
78 131
78 132
78 133
78 134
78 135
78 136
78 137
78 138
78 139
78 140
78 141
78 142
78 143
78 144
78 145
78 146
78 147
78 148
78 149
78 150
78 151
78 152
78 153
78 154
78 155
78 156
78 157
78 158
78 159
78 160
78 161
78 162
78 163
78 164
78 165
78 166
78 167
78 168
78 169
78 170
78 171
78 172
78 173
78 174
78 175
78 176
78 177
