79 28
79 29
79 30
79 31
79 32
79 33
79 44
79 45
79 46
79 47
79 48
79 49
79 50
79 51
79 52
79 53
79 54
79 55
79 56
79 57
79 58
79 59
79 60
79 61
79 63
79 64
79 65
79 66
79 67
79 68
79 69
79 73
79 74
79 105
79 106
79 107
79 108
79 122
79 123
79 124
79 125
79 126
79 127
79 128
79 129
79 130
79 131
79 132
79 133
79 134
79 135
79 136
79 137
79 138
79 139
79 140
79 141
79 142
79 143
79 144
79 145
79 146
79 147
79 148
79 149
79 150
79 151
79 152
79 153
79 154
79 155
79 156
79 157
79 158
79 159
79 160
79 161
79 162
79 163
79 164
79 165
79 166
79 167
79 168
79 169
79 170
79 171
79 172
79 173
79 174
79 175
79 176
79 177
79 178
