82 23
82 28
82 29
82 30
82 31
82 32
82 50
82 51
82 52
82 53
82 54
82 55
82 56
82 57
82 58
82 59
82 60
82 63
82 64
82 65
82 66
82 67
82 68
82 106
82 122
82 123
82 124
82 125
82 126
82 127
82 128
82 129
82 130
82 131
82 132
82 133
82 134
82 135
82 136
82 137
82 138
82 139
82 140
82 141
82 142
82 143
82 144
82 145
82 146
82 147
82 148
82 149
82 150
82 151
82 152
82 153
82 154
82 155
82 156
82 157
82 158
82 159
82 160
82 161
82 162
82 163
82 164
82 165
82 166
82 167
82 168
82 169
82 170
82 171
82 172
82 173
82 174
82 175
82 176
82 177
82 178
82 179
82 180
82 181
82 182
82 183
82 184
