87 20
87 27
87 28
87 29
87 30
87 32
87 33
87 45
87 46
87 47
87 48
87 49
87 50
87 51
87 52
87 53
87 54
87 55
87 56
87 57
87 58
87 59
87 60
87 61
87 62
87 63
87 64
87 124
87 125
87 126
87 127
87 128
87 129
87 130
87 131
87 132
87 133
87 134
87 135
87 136
87 137
87 138
87 139
87 140
87 141
87 142
87 143
87 144
87 145
87 146
87 147
87 148
87 149
87 150
87 151
87 152
87 153
87 154
87 155
87 156
87 157
87 158
87 159
87 160
87 161
87 162
87 163
87 164
87 165
87 166
87 167
87 168
87 169
87 170
87 171
87 172
87 173
87 174
87 175
87 176
87 177
87 178
87 179
87 180
87 181
87 182
87 183
87 184
87 185
87 186
87 187
87 188
87 189
87 190
87 191
87 192
87 193
87 194
87 195
87 196
87 197
87 198
87 199
87 200
87 201
87 202
87 203
87 204
87 205
87 206
87 207
87 208
87 209
87 210
87 211
87 212
87 213
87 214
87 215
87 216
87 217
87 218
87 219
87 220
87 221
87 222
87 229
87 230
