90 18
90 21
90 22
90 29
90 32
90 43
90 44
90 45
90 46
90 47
90 48
90 49
90 50
90 51
90 52
90 53
90 54
90 55
90 56
90 57
90 58
90 59
90 60
90 61
90 124
90 125
90 126
90 127
90 128
90 129
90 130
90 131
90 132
90 133
90 134
90 135
90 136
90 137
90 138
90 139
90 140
90 141
90 142
90 143
90 144
90 145
90 146
90 147
90 148
90 149
90 150
90 151
90 152
90 153
90 154
90 155
90 156
90 157
90 158
90 159
90 160
90 161
90 162
90 163
90 164
90 165
90 166
90 167
90 168
90 169
90 170
90 171
90 172
90 173
90 174
90 175
90 176
90 177
90 178
90 179
90 180
90 181
90 182
90 183
90 184
90 185
90 186
90 187
90 188
90 189
90 190
90 191
90 192
90 193
90 194
90 195
90 196
90 197
90 198
90 199
90 200
90 201
90 202
90 203
90 204
90 205
90 206
90 207
90 208
90 209
90 210
90 211
90 212
90 213
90 214
90 215
90 216
90 217
90 218
90 219
90 220
90 221
90 222
90 223
90 224
90 225
90 226
90 227
90 228
90 229
90 230
90 231
90 232
90 233
90 234
90 235
90 236
