91 18
91 24
91 25
91 28
91 29
91 39
91 42
91 43
91 44
91 45
91 46
91 47
91 48
91 49
91 50
91 51
91 52
91 53
91 54
91 55
91 56
91 57
91 58
91 59
91 60
91 61
91 125
91 126
91 127
91 128
91 129
91 130
91 131
91 132
91 133
91 134
91 135
91 136
91 137
91 138
91 139
91 140
91 141
91 142
91 143
91 144
91 145
91 146
91 147
91 148
91 149
91 150
91 151
91 152
91 153
91 154
91 155
91 156
91 157
91 158
91 159
91 160
91 161
91 162
91 163
91 164
91 165
91 166
91 167
91 168
91 169
91 170
91 171
91 172
91 173
91 174
91 175
91 176
91 177
91 178
91 179
91 180
91 181
91 182
91 183
91 184
91 185
91 186
91 187
91 188
91 189
91 190
91 191
91 192
91 193
91 194
91 195
91 196
91 197
91 198
91 199
91 200
91 201
91 202
91 203
91 204
91 205
91 206
91 207
91 208
91 209
91 210
91 211
91 212
91 213
91 214
91 215
91 216
91 217
91 218
91 219
91 220
91 221
91 222
91 223
91 224
91 225
91 226
91 227
91 228
91 229
91 230
91 231
91 232
91 233
91 234
91 235
91 236
91 237
