92 20
92 24
92 25
92 27
92 28
92 38
92 39
92 40
92 41
92 42
92 43
92 44
92 45
92 46
92 47
92 48
92 49
92 50
92 51
92 52
92 53
92 54
92 55
92 56
92 57
92 58
92 59
92 60
92 125
92 126
92 127
92 128
92 129
92 130
92 131
92 132
92 133
92 134
92 135
92 136
92 137
92 138
92 139
92 140
92 141
92 142
92 143
92 144
92 145
92 146
92 147
92 148
92 149
92 150
92 151
92 152
92 153
92 154
92 155
92 156
92 157
92 158
92 159
92 160
92 161
92 162
92 163
92 164
92 165
92 166
92 167
92 168
92 169
92 170
92 171
92 172
92 173
92 174
92 175
92 176
92 177
92 178
92 179
92 180
92 181
92 182
92 183
92 184
92 185
92 186
92 187
92 188
92 189
92 190
92 191
92 192
92 193
92 194
92 195
92 196
92 197
92 198
92 199
92 200
92 201
92 202
92 203
92 204
92 205
92 206
92 207
92 208
92 209
92 210
92 211
92 212
92 213
92 214
92 215
92 216
92 217
92 218
92 219
92 220
92 221
92 222
92 223
92 224
92 225
92 226
92 227
92 228
92 229
92 230
92 231
92 232
92 233
92 234
92 235
92 236
92 237
92 238
92 239
