93 20
93 21
93 23
93 24
93 25
93 26
93 27
93 28
93 37
93 38
93 39
93 40
93 41
93 42
93 43
93 44
93 45
93 46
93 47
93 48
93 49
93 50
93 51
93 52
93 53
93 54
93 55
93 56
93 57
93 58
93 59
93 60
93 127
93 128
93 129
93 130
93 131
93 132
93 133
93 134
93 135
93 136
93 137
93 138
93 139
93 140
93 141
93 142
93 143
93 144
93 145
93 146
93 147
93 148
93 149
93 150
93 151
93 152
93 153
93 154
93 155
93 156
93 157
93 158
93 159
93 160
93 161
93 162
93 163
93 164
93 165
93 166
93 167
93 168
93 169
93 170
93 171
93 172
93 173
93 174
93 175
93 176
93 177
93 178
93 179
93 180
93 181
93 182
93 183
93 184
93 185
93 186
93 187
93 188
93 189
93 190
93 191
93 192
93 193
93 194
93 195
93 196
93 197
93 198
93 199
93 200
93 201
93 202
93 203
93 204
93 205
93 206
93 207
93 208
93 209
93 210
93 211
93 212
93 213
93 214
93 215
93 216
93 217
93 218
93 219
93 220
93 221
93 222
93 223
93 224
93 225
93 226
93 227
93 228
93 229
93 230
93 231
93 232
93 233
93 234
93 235
93 236
93 237
93 238
