94 21
94 23
94 24
94 25
94 26
94 27
94 28
94 35
94 36
94 37
94 38
94 39
94 40
94 41
94 42
94 43
94 44
94 45
94 46
94 47
94 48
94 49
94 50
94 51
94 52
94 53
94 55
94 56
94 57
94 58
94 59
94 128
94 129
94 130
94 131
94 132
94 133
94 134
94 135
94 136
94 137
94 138
94 139
94 140
94 141
94 142
94 143
94 144
94 145
94 146
94 147
94 148
94 149
94 150
94 151
94 152
94 153
94 154
94 155
94 156
94 157
94 158
94 159
94 160
94 161
94 162
94 163
94 164
94 165
94 166
94 167
94 168
94 169
94 170
94 171
94 172
94 173
94 174
94 175
94 176
94 177
94 178
94 179
94 180
94 181
94 182
94 183
94 184
94 185
94 186
94 187
94 188
94 189
94 190
94 191
94 192
94 193
94 194
94 195
94 196
94 197
94 198
94 199
94 200
94 201
94 202
94 203
94 204
94 205
94 206
94 207
94 208
94 209
94 210
94 211
94 212
94 213
94 214
94 215
94 216
94 217
94 218
94 219
94 220
94 221
94 222
94 223
94 224
94 225
94 226
94 227
94 228
94 229
94 230
94 231
94 232
94 233
94 234
94 235
94 236
94 237
94 238
94 239
