95 21
95 22
95 25
95 27
95 34
95 35
95 36
95 37
95 38
95 39
95 40
95 41
95 42
95 43
95 44
95 45
95 46
95 47
95 48
95 49
95 50
95 51
95 52
95 55
95 56
95 57
95 58
95 59
95 128
95 129
95 130
95 131
95 132
95 133
95 134
95 135
95 136
95 137
95 138
95 139
95 140
95 141
95 142
95 143
95 144
95 145
95 146
95 147
95 148
95 149
95 150
95 151
95 152
95 153
95 154
95 155
95 156
95 157
95 158
95 159
95 160
95 161
95 162
95 163
95 164
95 165
95 166
95 167
95 168
95 169
95 170
95 171
95 172
95 173
95 174
95 175
95 176
95 177
95 178
95 179
95 180
95 181
95 182
95 183
95 184
95 185
95 186
95 187
95 188
95 189
95 190
95 191
95 192
95 193
95 194
95 195
95 196
95 197
95 198
95 199
95 200
95 201
95 202
95 203
95 204
95 205
95 206
95 207
95 208
95 209
95 210
95 211
95 212
95 213
95 214
95 215
95 216
95 217
95 218
95 219
95 220
95 221
95 222
95 223
95 224
95 225
95 226
95 227
95 228
95 229
95 230
95 231
95 232
95 233
95 234
95 235
95 236
95 237
95 238
