96 21
96 24
96 25
96 32
96 35
96 36
96 37
96 38
96 39
96 40
96 41
96 42
96 43
96 44
96 45
96 46
96 47
96 48
96 49
96 50
96 51
96 52
96 54
96 55
96 56
96 57
96 58
96 129
96 130
96 131
96 132
96 133
96 134
96 135
96 136
96 137
96 138
96 139
96 140
96 141
96 142
96 143
96 144
96 145
96 146
96 147
96 148
96 149
96 150
96 151
96 152
96 153
96 154
96 155
96 156
96 157
96 158
96 159
96 160
96 161
96 162
96 163
96 164
96 165
96 166
96 167
96 168
96 169
96 170
96 171
96 172
96 173
96 174
96 175
96 176
96 177
96 178
96 179
96 180
96 181
96 182
96 183
96 184
96 185
96 186
96 187
96 188
96 189
96 190
96 191
96 192
96 193
96 194
96 195
96 196
96 197
96 198
96 199
96 200
96 201
96 202
96 203
96 204
96 205
96 206
96 207
96 208
96 209
96 210
96 211
96 212
96 213
96 214
96 215
96 216
96 217
96 218
96 219
96 220
96 221
96 222
96 223
96 224
96 225
96 226
96 227
96 230
96 231
96 232
96 233
96 234
96 235
96 238
