97 18
97 21
97 24
97 25
97 31
97 32
97 35
97 36
97 37
97 38
97 39
97 40
97 41
97 42
97 43
97 44
97 45
97 46
97 47
97 48
97 49
97 50
97 51
97 54
97 55
97 56
97 57
97 58
97 60
97 61
97 131
97 132
97 133
97 134
97 135
97 136
97 137
97 138
97 139
97 140
97 141
97 142
97 143
97 144
97 145
97 146
97 147
97 148
97 149
97 150
97 151
97 152
97 153
97 154
97 155
97 156
97 157
97 158
97 159
97 160
97 161
97 162
97 163
97 164
97 165
97 166
97 167
97 168
97 169
97 170
97 171
97 172
97 173
97 174
97 175
97 176
97 177
97 178
97 179
97 180
97 181
97 182
97 183
97 184
97 185
97 186
97 187
97 188
97 189
97 190
97 191
97 192
97 193
97 194
97 195
97 196
97 197
97 198
97 199
97 200
97 201
97 202
97 203
97 204
97 205
97 206
97 207
97 208
97 209
97 210
97 211
97 212
97 213
97 214
97 215
97 216
97 217
97 218
97 219
97 220
97 223
97 224
97 225
97 226
97 227
97 231
97 232
97 233
97 234
97 239
97 240
97 241
