98 18
98 21
98 23
98 24
98 25
98 31
98 35
98 36
98 37
98 38
98 39
98 40
98 41
98 42
98 43
98 44
98 45
98 46
98 47
98 48
98 49
98 50
98 51
98 54
98 55
98 56
98 57
98 58
98 60
98 133
98 134
98 135
98 136
98 137
98 138
98 139
98 140
98 141
98 142
98 143
98 144
98 145
98 146
98 147
98 148
98 149
98 150
98 151
98 152
98 153
98 154
98 155
98 156
98 157
98 158
98 159
98 160
98 161
98 162
98 163
98 164
98 165
98 166
98 167
98 168
98 169
98 170
98 171
98 172
98 173
98 174
98 175
98 176
98 177
98 178
98 179
98 180
98 181
98 182
98 183
98 184
98 185
98 186
98 187
98 188
98 189
98 190
98 191
98 192
98 193
98 194
98 195
98 196
98 197
98 198
98 199
98 200
98 201
98 202
98 203
98 204
98 205
98 206
98 207
98 208
98 209
98 210
98 211
98 212
98 213
98 214
98 215
98 216
98 217
98 218
98 219
98 220
98 232
98 240
98 241
