99 17
99 18
99 19
99 23
99 24
99 25
99 31
99 32
99 35
99 36
99 37
99 38
99 39
99 40
99 41
99 42
99 43
99 44
99 45
99 46
99 47
99 48
99 49
99 50
99 53
99 54
99 57
99 58
99 59
99 133
99 134
99 135
99 136
99 137
99 138
99 139
99 140
99 141
99 142
99 143
99 144
99 145
99 146
99 147
99 148
99 149
99 150
99 151
99 152
99 153
99 154
99 155
99 156
99 157
99 158
99 159
99 160
99 161
99 162
99 163
99 164
99 165
99 166
99 167
99 168
99 169
99 170
99 171
99 172
99 173
99 174
99 175
99 176
99 177
99 178
99 179
99 180
99 181
99 182
99 183
99 184
99 185
99 186
99 187
99 188
99 189
99 190
99 191
99 192
99 193
99 194
99 195
99 196
99 197
99 198
99 199
99 200
99 201
99 202
99 203
99 204
99 205
99 206
99 207
99 208
99 209
99 210
99 211
99 212
99 213
99 214
99 215
99 216
99 217
99 218
99 219
99 220
99 241
